0 3.1537788143 7.7802661098 9.9463208096
1 2.5230230515 7.7802661098 6.3656453182
2 2.0184184412 7.7802661098 4.0740130036
3 1.6147347529 7.7802661098 2.6073683223
4 1.2917878023 7.7802661098 1.6687157263
5 1.0334302419 7.7802661098 1.0679780648
6 0.8267441935 7.7802661098 0.6835059615
7 0.6613953548 7.7802661098 0.4374438154
8 0.5291162838 7.7802661098 0.2799640418
9 0.4232930271 7.7802661098 0.1791769868
10 0.3386344217 7.7802661098 0.1146732715
11 0.2709075373 7.7802661098 0.0733908938
12 0.2167260299 7.7802661098 0.0469701720
13 0.1733808239 7.7802661098 0.0300609101
14 0.1387046591 7.7802661098 0.0192389825
15 0.1109637273 7.7802661098 0.0123129488
16 0.0887709818 7.7802661098 0.0078802872
17 0.0710167855 7.7802661098 0.0050433838
18 0.0568134284 7.7802661098 0.0032277656
19 0.0454507427 7.7802661098 0.0020657700
20 0.0363605942 7.7802661098 0.0013220928
21 0.0290884753 7.7802661098 0.0008461394
22 0.0232707803 7.7802661098 0.0005415292
23 0.0186166242 7.7802661098 0.0003465787
24 0.0148932994 7.7802661098 0.0002218104
25 0.0119146395 7.7802661098 0.0001419586
26 0.0095317116 7.7802661098 0.0000908535
27 0.0076253693 7.7802661098 0.0000581463
28 0.0061002954 7.7802661098 0.0000372136
29 0.0048802363 7.7802661098 0.0000238167
30 0.0039041891 7.7802661098 0.0000152427
31 0.0031233513 7.7802661098 0.0000097553
32 0.0024986810 7.7802661098 0.0000062434
33 0.0019989448 7.7802661098 0.0000039958
34 0.0015991558 7.7802661098 0.0000025573
35 0.0012793247 7.7802661098 0.0000016367
36 0.0010234597 7.7802661098 0.0000010475
37 0.0008187678 7.7802661098 0.0000006704
38 0.0006550142 7.7802661098 0.0000004290
39 0.0005240114 7.7802661098 0.0000002746
40 0.0004192091 7.7802661098 0.0000001757
41 0.0003353673 7.7802661098 0.0000001125
42 0.0002682938 7.7802661098 0.0000000720
43 0.0002146351 7.7802661098 0.0000000461
44 0.0001717081 7.7802661098 0.0000000295
45 0.0001373664 7.7802661098 0.0000000189
46 0.0001098932 7.7802661098 0.0000000121
47 0.0000879145 7.7802661098 0.0000000077
48 0.0000703316 7.7802661098 0.0000000049
49 0.0000562653 7.7802661098 0.0000000032
50 0.0000450122 7.7802661098 0.0000000020
51 0.0000360098 7.7802661098 0.0000000013
52 0.0000288078 7.7802661098 0.0000000008
53 0.0000230463 7.7802661098 0.0000000005
54 0.0000184370 7.7802661098 0.0000000003
55 0.0000147496 7.7802661098 0.0000000002
56 0.0000117997 7.7802661098 0.0000000001
57 0.0000094397 7.7802661098 0.0000000001
58 0.0000075518 7.7802661098 0.0000000001
59 0.0000060414 7.7802661098 0.0000000000
60 0.0000048332 7.7802661098 0.0000000000
61 0.0000038665 7.7802661098 0.0000000000
62 0.0000030932 7.7802661098 0.0000000000
63 0.0000024746 7.7802661098 0.0000000000
64 0.0000019797 7.7802661098 0.0000000000
65 0.0000015837 7.7802661098 0.0000000000
66 0.0000012670 7.7802661098 0.0000000000
67 0.0000010136 7.7802661098 0.0000000000
68 0.0000008109 7.7802661098 0.0000000000
69 0.0000006487 7.7802661098 0.0000000000
70 0.0000005190 7.7802661098 0.0000000000
71 0.0000004152 7.7802661098 0.0000000000
