0 -7.3692442371 7.5560532220 54.3057606266
1 -5.8953953897 7.5560532220 34.7556868010
2 -4.7163163118 7.5560532220 22.2436395526
3 -3.7730530494 7.5560532220 14.2359293137
4 -3.0184424395 7.5560532220 9.1109947608
5 -2.4147539516 7.5560532220 5.8310366469
6 -1.9318031613 7.5560532220 3.7318634540
7 -1.5454425290 7.5560532220 2.3883926106
8 -1.2363540232 7.5560532220 1.5285712708
9 -0.9890832186 7.5560532220 0.9782856133
10 -0.7912665749 7.5560532220 0.6261027925
11 -0.6330132599 7.5560532220 0.4007057872
12 -0.5064106079 7.5560532220 0.2564517038
13 -0.4051284863 7.5560532220 0.1641290904
14 -0.3241027891 7.5560532220 0.1050426179
15 -0.2592822313 7.5560532220 0.0672272754
16 -0.2074257850 7.5560532220 0.0430254563
17 -0.1659406280 7.5560532220 0.0275362920
18 -0.1327525024 7.5560532220 0.0176232269
19 -0.1062020019 7.5560532220 0.0112788652
20 -0.0849616015 7.5560532220 0.0072184737
21 -0.0679692812 7.5560532220 0.0046198232
22 -0.0543754250 7.5560532220 0.0029566868
23 -0.0435003400 7.5560532220 0.0018922796
24 -0.0348002720 7.5560532220 0.0012110589
25 -0.0278402176 7.5560532220 0.0007750777
26 -0.0222721741 7.5560532220 0.0004960497
27 -0.0178177393 7.5560532220 0.0003174718
28 -0.0142541914 7.5560532220 0.0002031820
29 -0.0114033531 7.5560532220 0.0001300365
30 -0.0091226825 7.5560532220 0.0000832233
31 -0.0072981460 7.5560532220 0.0000532629
32 -0.0058385168 7.5560532220 0.0000340883
33 -0.0046708134 7.5560532220 0.0000218165
34 -0.0037366508 7.5560532220 0.0000139626
35 -0.0029893206 7.5560532220 0.0000089360
36 -0.0023914565 7.5560532220 0.0000057191
37 -0.0019131652 7.5560532220 0.0000036602
38 -0.0015305321 7.5560532220 0.0000023425
39 -0.0012244257 7.5560532220 0.0000014992
40 -0.0009795406 7.5560532220 0.0000009595
41 -0.0007836325 7.5560532220 0.0000006141
42 -0.0006269060 7.5560532220 0.0000003930
43 -0.0005015248 7.5560532220 0.0000002515
44 -0.0004012198 7.5560532220 0.0000001610
45 -0.0003209759 7.5560532220 0.0000001030
46 -0.0002567807 7.5560532220 0.0000000659
47 -0.0002054245 7.5560532220 0.0000000422
48 -0.0001643396 7.5560532220 0.0000000270
49 -0.0001314717 7.5560532220 0.0000000173
50 -0.0001051774 7.5560532220 0.0000000111
51 -0.0000841419 7.5560532220 0.0000000071
52 -0.0000673135 7.5560532220 0.0000000045
53 -0.0000538508 7.5560532220 0.0000000029
54 -0.0000430807 7.5560532220 0.0000000019
55 -0.0000344645 7.5560532220 0.0000000012
56 -0.0000275716 7.5560532220 0.0000000008
57 -0.0000220573 7.5560532220 0.0000000005
58 -0.0000176458 7.5560532220 0.0000000003
59 -0.0000141167 7.5560532220 0.0000000002
60 -0.0000112933 7.5560532220 0.0000000001
61 -0.0000090347 7.5560532220 0.0000000001
62 -0.0000072277 7.5560532220 0.0000000001
63 -0.0000057822 7.5560532220 0.0000000000
64 -0.0000046257 7.5560532220 0.0000000000
65 -0.0000037006 7.5560532220 0.0000000000
66 -0.0000029605 7.5560532220 0.0000000000
67 -0.0000023684 7.5560532220 0.0000000000
68 -0.0000018947 7.5560532220 0.0000000000
69 -0.0000015158 7.5560532220 0.0000000000
70 -0.0000012126 7.5560532220 0.0000000000
71 -0.0000009701 7.5560532220 0.0000000000
72 -0.0000007761 7.5560532220 0.0000000000
73 -0.0000006209 7.5560532220 0.0000000000
74 -0.0000004967 7.5560532220 0.0000000000
