0 3.1537788143 5.5605322195 3.1535446452
1 3.0576293898 5.5605322195 3.0468578370
2 2.9323389742 5.5605322195 2.8683735776
3 2.7736068989 5.5605322195 2.5879245565
4 2.5805246783 5.5605322195 2.1848975608
5 2.3585486158 5.5605322195 1.6716671779
6 2.1212901700 5.5605322195 1.1096642370
7 1.8881889412 5.5605322195 0.5892857768
8 1.6775920531 5.5605322195 0.1788192934
9 1.5001293296 5.5605322195 -0.1059214249
10 1.3575516295 5.5605322195 -0.2873016532
11 1.2460346265 5.5605322195 -0.3975884068
12 1.1598528819 5.5605322195 -0.4633315380
13 1.0934714648 5.5605322195 -0.5023459217
14 1.0422868384 5.5605322195 -0.5255697573
15 1.0027038319 5.5605322195 -0.5394798671
16 0.9719855525 5.5605322195 -0.5478699247
17 0.9480649687 5.5605322195 -0.5529645662
18 0.9293803487 5.5605322195 -0.5560766945
19 0.9147468690 5.5605322195 -0.5579875202
20 0.9032606944 5.5605322195 -0.5591657717
21 0.8942283978 5.5605322195 -0.5598948578
22 0.8871151311 5.5605322195 -0.5603472967
23 0.8815064024 5.5605322195 -0.5606287093
24 0.8770796843 5.5605322195 -0.5608040704
25 0.8735831502 5.5605322195 -0.5609135086
26 0.8708196198 5.5605322195 -0.5609818873
27 0.8686343419 5.5605322195 -0.5610246519
28 0.8669056363 5.5605322195 -0.5610514174
29 0.8655376798 5.5605322195 -0.5610681795
30 0.8644549196 5.5605322195 -0.5610786819
31 0.8635977263 5.5605322195 -0.5610852647
32 0.8629190015 5.5605322195 -0.5610893920
33 0.8623815204 5.5605322195 -0.5610919804
34 0.8619558477 5.5605322195 -0.5610936039
35 0.8616186980 5.5605322195 -0.5610946225
36 0.8613516455 5.5605322195 -0.5610952615
37 0.8611401055 5.5605322195 -0.5610956625
38 0.8609725322 5.5605322195 -0.5610959141
39 0.8608397832 5.5605322195 -0.5610960720
40 0.8607346190 5.5605322195 -0.5610961711
41 0.8606513059 5.5605322195 -0.5610962333
42 0.8605853027 5.5605322195 -0.5610962724
43 0.8605330121 5.5605322195 -0.5610962969
44 0.8604915851 5.5605322195 -0.5610963123
45 0.8604587642 5.5605322195 -0.5610963219
46 0.8604327616 5.5605322195 -0.5610963280
47 0.8604121607 5.5605322195 -0.5610963318
48 0.8603958392 5.5605322195 -0.5610963342
49 0.8603829083 5.5605322195 -0.5610963357
50 0.8603726634 5.5605322195 -0.5610963366
51 0.8603645467 5.5605322195 -0.5610963372
52 0.8603581161 5.5605322195 -0.5610963376
53 0.8603530212 5.5605322195 -0.5610963378
54 0.8603489847 5.5605322195 -0.5610963379
55 0.8603457867 5.5605322195 -0.5610963380
56 0.8603432530 5.5605322195 -0.5610963381
57 0.8603412455 5.5605322195 -0.5610963381
58 0.8603396551 5.5605322195 -0.5610963382
59 0.8603383950 5.5605322195 -0.5610963382
60 0.8603373967 5.5605322195 -0.5610963382
61 0.8603366058 5.5605322195 -0.5610963382
62 0.8603359791 5.5605322195 -0.5610963382
63 0.8603354827 5.5605322195 -0.5610963382
64 0.8603350893 5.5605322195 -0.5610963382
65 0.8603347777 5.5605322195 -0.5610963382
66 0.8603345308 5.5605322195 -0.5610963382
67 0.8603343351 5.5605322195 -0.5610963382
68 0.8603341802 5.5605322195 -0.5610963382
69 0.8603340574 5.5605322195 -0.5610963382
