0 -4.7384884743 0.2242128878 0.1236581109
1 -4.2621913536 0.2242128878 -1.8546647698
2 -3.9219545617 0.2242128878 -2.7871721851
3 -3.7170965779 0.2242128878 -3.1183397634
4 -3.5986825820 0.2242128878 -3.2292440678
5 -3.5295928715 0.2242128878 -3.2672294232
6 -3.4886216972 0.2242128878 -3.2806555388
7 -3.4640104975 0.2242128878 -3.2855172119
8 -3.4490968110 0.2242128878 -3.2873065132
9 -3.4400084660 0.2242128878 -3.2879719584
10 -3.4344503590 0.2242128878 -3.2882210677
11 -3.4310436862 0.2242128878 -3.2883147034
12 -3.4289528025 0.2242128878 -3.2883499885
13 -3.4276684106 0.2242128878 -3.2883633059
14 -3.4268790193 0.2242128878 -3.2883683370
15 -3.4263937006 0.2242128878 -3.2883702389
16 -3.4260952669 0.2242128878 -3.2883709581
17 -3.4259117307 0.2242128878 -3.2883712301
18 -3.4257988477 0.2242128878 -3.2883713330
19 -3.4257294165 0.2242128878 -3.2883713719
20 -3.4256867100 0.2242128878 -3.2883713866
21 -3.4256604412 0.2242128878 -3.2883713922
22 -3.4256442830 0.2242128878 -3.2883713943
23 -3.4256343440 0.2242128878 -3.2883713951
24 -3.4256282303 0.2242128878 -3.2883713954
25 -3.4256244697 0.2242128878 -3.2883713955
26 -3.4256221565 0.2242128878 -3.2883713956
27 -3.4256207336 0.2242128878 -3.2883713956
28 -3.4256198583 0.2242128878 -3.2883713956
29 -3.4256193199 0.2242128878 -3.2883713956
30 -3.4256189888 0.2242128878 -3.2883713956
31 -3.4256187850 0.2242128878 -3.2883713956
32 -3.4256186597 0.2242128878 -3.2883713956
