0 -3.6924423714 1.1210644390 -3.1462565827
1 -3.5843837193 1.1210644390 -3.2387033006
2 -3.5211620621 1.1210644390 -3.2705407632
3 -3.4835781947 1.1210644390 -3.2818464642
4 -3.4609625700 1.1210644390 -3.2859535739
5 -3.4472426250 1.1210644390 -3.2874683385
6 -3.4388757406 1.1210644390 -3.2880324304
7 -3.4337565571 1.1210644390 -3.2882437730
8 -3.4306180350 1.1210644390 -3.2883232537
9 -3.4286914000 1.1210644390 -3.2883532142
10 -3.4275077774 1.1210644390 -3.2883645242
11 -3.4267802715 1.1210644390 -3.2883687975
12 -3.4263329819 1.1210644390 -3.2883704130
13 -3.4260579264 1.1210644390 -3.2883710239
14 -3.4258887651 1.1210644390 -3.2883712550
15 -3.4257847224 1.1210644390 -3.2883713424
16 -3.4257207282 1.1210644390 -3.2883713755
17 -3.4256813659 1.1210644390 -3.2883713880
18 -3.4256571540 1.1210644390 -3.2883713927
19 -3.4256422610 1.1210644390 -3.2883713945
20 -3.4256331002 1.1210644390 -3.2883713952
21 -3.4256274652 1.1210644390 -3.2883713954
22 -3.4256239991 1.1210644390 -3.2883713955
23 -3.4256218670 1.1210644390 -3.2883713956
24 -3.4256205555 1.1210644390 -3.2883713956
25 -3.4256197488 1.1210644390 -3.2883713956
26 -3.4256192526 1.1210644390 -3.2883713956
27 -3.4256189473 1.1210644390 -3.2883713956
28 -3.4256187596 1.1210644390 -3.2883713956
29 -3.4256186441 1.1210644390 -3.2883713956
