     1   0.5577739110
     2   0.4265572405
     3   0.3899225119
     4   0.3493725298
     5   0.3381335251
     6   0.2854761489
     7   0.2663530493
     8   0.2461881494
     9   0.2047975841
    10   0.1700263812
    11   0.1741397773
    12   0.1065605987
    13   0.1040277082
    14   0.1001756756
    15   0.0970135234
    16   0.0936581591
    17   0.0668695041
    18   0.0574283896
    19   0.0572720470
    20   0.0539379053
    21   0.0528874112
    22   0.0520729927
    23   0.0513404461
    24   0.0506586173
    25   0.0499951013
    26   0.0493105958
    27   0.0485401333
    28   0.0475699491
    29   0.0462120690
    30   0.0441032094
    31   0.0387642645
    32   0.0167955399
    33   0.0079095455
    34   0.0058805731
    35   0.0046634370
    36   0.0041059499
    37   0.0037774958
    38   0.0035339430
    39   0.0033394139
    40   0.0031727151
    41   0.0030271499
    42   0.0028970389
    43   0.0027791629
    44   0.0026711275
    45   0.0025712991
    46   0.0024785108
    47   0.0023919499
    48   0.0023110526
    49   0.0022354240
    50   0.0021647677
    51   0.0020988257
    52   0.0020373295
    53   0.0019799694
    54   0.0019263817
    55   0.0018761551
    56   0.0018288495
    57   0.0017840221
    58   0.0017412522
    59   0.0017001613
    60   0.0016604256
    61   0.0016217822
    62   0.0015840294
    63   0.0015470225
    64   0.0015106679
    65   0.0014749153
    66   0.0014397484
    67   0.0014051766
    68   0.0013712266
    69   0.0013379350
    70   0.0013053425
    71   0.0012734902
    72   0.0012424169
    73   0.0012121588
    74   0.0011827493
    75   0.0011542199
    76   0.0011266014
    77   0.0010999242
    78   0.0010742197
    79   0.0010495196
    80   0.0010258564
    81   0.0010032618
    82   0.0009817652
    83   0.0009613903
    84   0.0009421521
    85   0.0009240519
    86   0.0009070743
    87   0.0008911835
    88   0.0008763225
    89   0.0008624134
    90   0.0008493599
    91   0.0008370510
    92   0.0008253660
    93   0.0008141791
    94   0.0008033637
    95   0.0007927955
    96   0.0007823552
    97   0.0007719293
    98   0.0007614108
    99   0.0007506985
   100   0.0007396962
   101   0.0007283120
   102   0.0007164566
   103   0.0007040426
   104   0.0006909829
   105   0.0006771905
   106   0.0006625771
   107   0.0006470533
   108   0.0006305287
   109   0.0006129121
   110   0.0005941132
   111   0.0005740447
   112   0.0005526256
   113   0.0005297859
   114   0.0005054730
   115   0.0004796600
   116   0.0004523562
   117   0.0004236193
   118   0.0003935692
   119   0.0003624013
   120   0.0003303981
   121   0.0002979351
   122   0.0002654775
   123   0.0002335634
   124   0.0002027726
   125   0.0001736798
   126   0.0001468009
   127   0.0001225390
