     1   0.6566645281
     2   0.3996521806
     3   0.3840642636
     4   0.3235455610
     5   0.3096053648
     6   0.2955412781
     7   0.2475480234
     8   0.2125670458
     9   0.1504580652
    10   0.1311640983
    11   0.1063878777
    12   0.0784610009
    13   0.0447138085
    14   0.0171371876
    15   0.0134360352
    16   0.0109726089
    17   0.0095498420
    18   0.0085255708
    19   0.0076782415
    20   0.0069642014
    21   0.0063536855
    22   0.0058272248
    23   0.0053714881
    24   0.0049757629
    25   0.0046283449
    26   0.0043164822
    27   0.0040289084
    28   0.0037578261
    29   0.0034995764
    30   0.0032546336
    31   0.0030268421
    32   0.0028211448
    33   0.0026401855
    34   0.0024823015
    35   0.0023427632
    36   0.0022165106
    37   0.0020997155
    38   0.0019898651
    39   0.0018853438
    40   0.0017850831
    41   0.0016883600
    42   0.0015946873
    43   0.0015037520
    44   0.0014153753
    45   0.0013294848
    46   0.0012460925
    47   0.0011652747
    48   0.0010871545
    49   0.0010118835
    50   0.0009396240
    51   0.0008705301
    52   0.0008047304
    53   0.0007423118
    54   0.0006833093
    55   0.0006277028
    56   0.0005754212
    57   0.0005263544
    58   0.0004803664
    59   0.0004373092
    60   0.0003970330
    61   0.0003593931
    62   0.0003242550
    63   0.0002914974
    64   0.0002610156
    65   0.0002327227
    66   0.0002065492
    67   0.0001824403
    68   0.0001603502
    69   0.0001402351
    70   0.0001220460
