     1   0.6205482702
     2   0.4137564698
     3   0.3546206909
     4   0.3168223483
     5   0.2752779602
     6   0.2477776035
     7   0.2317875770
     8   0.1372236368
     9   0.1021024030
    10   0.0858840248
    11   0.0594859010
    12   0.0576451049
    13   0.0549611639
    14   0.0499501667
    15   0.0432844299
    16   0.0346341409
    17   0.0226760968
    18   0.0094356505
    19   0.0064883813
    20   0.0054407595
    21   0.0049337307
    22   0.0044648827
    23   0.0040552142
    24   0.0036839760
    25   0.0033458395
    26   0.0030379967
    27   0.0027592678
    28   0.0025090751
    29   0.0022860837
    30   0.0020874723
    31   0.0019093069
    32   0.0017476560
    33   0.0015995509
    34   0.0014632628
    35   0.0013379997
    36   0.0012233997
    37   0.0011191279
    38   0.0010246941
    39   0.0009394516
    40   0.0008626736
    41   0.0007936296
    42   0.0007316355
    43   0.0006760761
    44   0.0006264054
    45   0.0005821343
    46   0.0005428105
    47   0.0005079995
    48   0.0004772703
    49   0.0004501881
    50   0.0004263154
    51   0.0004052187
    52   0.0003864777
    53   0.0003696960
    54   0.0003545094
    55   0.0003405915
    56   0.0003276562
    57   0.0003154571
    58   0.0003037856
    59   0.0002924673
    60   0.0002813584
    61   0.0002703418
    62   0.0002593238
    63   0.0002482319
    64   0.0002370123
    65   0.0002256289
    66   0.0002140623
    67   0.0002023096
    68   0.0001903837
    69   0.0001783137
    70   0.0001661447
    71   0.0001539365
    72   0.0001417633
    73   0.0001297111
    74   0.0001178752
