     1   0.6719469186
     2   0.4024000105
     3   0.3711076324
     4   0.2622806255
     5   0.1963893099
     6   0.1551390734
     7   0.1332065997
     8   0.1045711979
     9   0.0902910631
    10   0.0807040096
    11   0.0642064141
    12   0.0548588910
    13   0.0534515530
    14   0.0524772705
    15   0.0517118904
    16   0.0510019574
    17   0.0503929849
    18   0.0498415623
    19   0.0493307443
    20   0.0488358839
    21   0.0483291472
    22   0.0477606388
    23   0.0470181055
    24   0.0457813000
    25   0.0432048124
    26   0.0461907846
    27   0.0363036523
    28   0.0058519622
    29   0.0038378871
    30   0.0033334413
    31   0.0029720661
    32   0.0026968591
    33   0.0024673373
    34   0.0022699855
    35   0.0020960351
    36   0.0019400363
    37   0.0017984108
    38   0.0016687469
    39   0.0015493959
    40   0.0014392109
    41   0.0013373666
    42   0.0012432297
    43   0.0011562678
    44   0.0010759900
    45   0.0010019147
    46   0.0009335578
    47   0.0008704348
    48   0.0008120699
    49   0.0007580065
    50   0.0007078164
    51   0.0006611051
    52   0.0006175141
    53   0.0005767205
    54   0.0005384354
    55   0.0005024009
    56   0.0004683879
    57   0.0004361931
    58   0.0004056370
    59   0.0003765620
    60   0.0003488314
    61   0.0003223284
    62   0.0002969565
    63   0.0002726397
    64   0.0002493232
    65   0.0002269744
    66   0.0002055837
    67   0.0001851641
    68   0.0001657496
    69   0.0001473920
    70   0.0001301556
