     1   0.6776642248
     2   0.4151746709
     3   0.3935732250
     4   0.3720503110
     5   0.3498856891
     6   0.3209960396
     7   0.3159186698
     8   0.3052447962
     9   0.2798373984
    10   0.2485709465
    11   0.2371568858
    12   0.1272261789
    13   0.0783229981
    14   0.0583221363
    15   0.0513773336
    16   0.0481900570
    17   0.0453502285
    18   0.0407786252
    19   0.0309400497
    20   0.0200478940
    21   0.0095483329
    22   0.0081778461
    23   0.0064304311
    24   0.0056500033
    25   0.0051086089
    26   0.0047182166
    27   0.0043870845
    28   0.0040947562
    29   0.0038299432
    30   0.0035891257
    31   0.0033704000
    32   0.0031723906
    33   0.0029934181
    34   0.0028315133
    35   0.0026846483
    36   0.0025509661
    37   0.0024289001
    38   0.0023172014
    39   0.0022149103
    40   0.0021212960
    41   0.0020357826
    42   0.0019578735
    43   0.0018870881
    44   0.0018229198
    45   0.0017648208
    46   0.0017122132
    47   0.0016645169
    48   0.0016211838
    49   0.0015817240
    50   0.0015457201
    51   0.0015128258
    52   0.0014827559
    53   0.0014552711
    54   0.0014301630
    55   0.0014072421
    56   0.0013863284
    57   0.0013672473
    58   0.0013498272
    59   0.0013338993
    60   0.0013192993
    61   0.0013058687
    62   0.0012934565
    63   0.0012819207
    64   0.0012711292
    65   0.0012609601
    66   0.0012513018
    67   0.0012420526
    68   0.0012331204
    69   0.0012244218
    70   0.0012158815
    71   0.0012074312
    72   0.0011990091
    73   0.0011905593
    74   0.0011820307
    75   0.0011733767
    76   0.0011645544
    77   0.0011555249
    78   0.0011462523
    79   0.0011367039
    80   0.0011268502
    81   0.0011166650
    82   0.0011061261
    83   0.0010952153
    84   0.0010839196
    85   0.0010722321
    86   0.0010601532
    87   0.0010476921
    88   0.0010348682
    89   0.0010217132
    90   0.0010082722
    91   0.0009946054
    92   0.0009807883
    93   0.0009669117
    94   0.0009530803
    95   0.0009394087
    96   0.0009260168
    97   0.0009130225
    98   0.0009005340
    99   0.0008886409
   100   0.0008774072
   101   0.0008668658
   102   0.0008570168
   103   0.0008478296
   104   0.0008392473
   105   0.0008311938
   106   0.0008235820
   107   0.0008163203
   108   0.0008093188
   109   0.0008024926
   110   0.0007957645
   111   0.0007890652
   112   0.0007823336
   113   0.0007755155
   114   0.0007685628
   115   0.0007614323
   116   0.0007540849
   117   0.0007464844
   118   0.0007385969
   119   0.0007303904
   120   0.0007218342
   121   0.0007128985
   122   0.0007035547
   123   0.0006937750
   124   0.0006835327
   125   0.0006728027
   126   0.0006615615
   127   0.0006497880
   128   0.0006374642
   129   0.0006245761
   130   0.0006111147
   131   0.0005970769
   132   0.0005824672
   133   0.0005672983
   134   0.0005515926
   135   0.0005353829
   136   0.0005187130
   137   0.0005016375
   138   0.0004842213
   139   0.0004665379
   140   0.0004486670
   141   0.0004306916
   142   0.0004126935
   143   0.0003947497
   144   0.0003769281
   145   0.0003592838
   146   0.0003418573
   147   0.0003246731
   148   0.0003077404
   149   0.0002910557
   150   0.0002746062
   151   0.0002583749
   152   0.0002423452
   153   0.0002265066
   154   0.0002108590
   155   0.0001954167
   156   0.0001802113
   157   0.0001652923
   158   0.0001507266
   159   0.0001365958
   160   0.0001229922
