     1   0.5712611206
     2   0.4250570440
     3   0.4268382609
     4   0.4049476571
     5   0.3770161217
     6   0.3257777678
     7   0.3197806974
     8   0.2669557380
     9   0.2541543174
    10   0.1755256084
    11   0.1270264614
    12   0.1015672219
    13   0.0496225665
    14   0.0205210035
    15   0.0165484409
    16   0.0140301913
    17   0.0121417301
    18   0.0104893147
    19   0.0091618797
    20   0.0079418064
    21   0.0069941227
    22   0.0062401907
    23   0.0056128368
    24   0.0050693651
    25   0.0045869358
    26   0.0041522568
    27   0.0037584666
    28   0.0034023138
    29   0.0030806275
    30   0.0027881686
    31   0.0025185134
    32   0.0022662799
    33   0.0020283512
    34   0.0018038334
    35   0.0015934115
    36   0.0013985426
    37   0.0012207095
    38   0.0010608734
    39   0.0009191945
    40   0.0007950075
    41   0.0006869830
    42   0.0005933793
    43   0.0005123050
    44   0.0004419338
    45   0.0003806458
    46   0.0003270910
    47   0.0002801908
    48   0.0002391010
    49   0.0002031591
    50   0.0001718305
    51   0.0001446634
    52   0.0001212546
