     1   0.4351136510
     2   0.4152612371
     3   0.3917277290
     4   0.2917460002
     5   0.2074686428
     6   0.1607235297
     7   0.1168732225
     8   0.1016508900
     9   0.0831754974
    10   0.0603951657
    11   0.0529929041
    12   0.0420555083
    13   0.0327682244
    14   0.0150502539
    15   0.0094069756
    16   0.0069939819
    17   0.0050262487
    18   0.0043858026
    19   0.0039756084
    20   0.0036303452
    21   0.0033390423
    22   0.0030834705
    23   0.0028548228
    24   0.0026472268
    25   0.0024569172
    26   0.0022814335
    27   0.0021191305
    28   0.0019688397
    29   0.0018296364
    30   0.0017006878
    31   0.0015811691
    32   0.0014702342
    33   0.0013670266
    34   0.0012707122
    35   0.0011805159
    36   0.0010957505
    37   0.0010158314
    38   0.0009402796
    39   0.0008687161
    40   0.0008008515
    41   0.0007364733
    42   0.0006754319
    43   0.0006176270
    44   0.0005629930
    45   0.0005114866
    46   0.0004630756
    47   0.0004177311
    48   0.0003754218
    49   0.0003361105
    50   0.0002997519
    51   0.0002662907
    52   0.0002356587
    53   0.0002077736
    54   0.0001825359
    55   0.0001598289
    56   0.0001395180
    57   0.0001214534
