     1   0.5734837372
     2   0.3810177889
     3   0.3553397533
     4   0.3326744248
     5   0.3122310108
     6   0.2781000085
     7   0.2473401771
     8   0.1904749700
     9   0.1547702651
    10   0.1429144670
    11   0.1086668971
    12   0.1074629886
    13   0.0986921939
    14   0.0943773190
    15   0.0901474316
    16   0.0836146548
    17   0.0751760795
    18   0.0822558090
    19   0.0597058698
    20   0.0603547495
    21   0.0159244533
    22   0.0087974452
    23   0.0076893594
    24   0.0068143692
    25   0.0061620611
    26   0.0055931420
    27   0.0050901761
    28   0.0046362863
    29   0.0042419776
    30   0.0039108101
    31   0.0036355374
    32   0.0034034249
    33   0.0032035472
    34   0.0030287040
    35   0.0028742010
    36   0.0027365643
    37   0.0026128916
    38   0.0025006336
    39   0.0023975647
    40   0.0023018051
    41   0.0022118303
    42   0.0021264516
    43   0.0020447723
    44   0.0019661331
    45   0.0018900565
    46   0.0018161986
    47   0.0017443135
    48   0.0016742323
    49   0.0016058549
    50   0.0015391494
    51   0.0014741502
    52   0.0014109464
    53   0.0013496584
    54   0.0012904051
    55   0.0012332707
    56   0.0011782836
    57   0.0011254129
    58   0.0010745835
    59   0.0010257022
    60   0.0009786864
    61   0.0009334855
    62   0.0008900901
    63   0.0008485294
    64   0.0008088561
    65   0.0007711240
    66   0.0007353623
    67   0.0007015535
    68   0.0006696201
    69   0.0006394241
    70   0.0006107799
    71   0.0005834754
    72   0.0005572975
    73   0.0005320555
    74   0.0005075994
    75   0.0004838302
    76   0.0004607040
    77   0.0004382291
    78   0.0004164576
    79   0.0003954718
    80   0.0003753682
    81   0.0003562383
    82   0.0003381515
    83   0.0003211410
    84   0.0003051952
    85   0.0002902577
    86   0.0002762320
    87   0.0002629933
    88   0.0002504013
    89   0.0002383130
    90   0.0002265937
    91   0.0002151249
    92   0.0002038088
    93   0.0001925707
    94   0.0001813593
    95   0.0001701468
    96   0.0001589272
    97   0.0001477150
    98   0.0001365440
    99   0.0001254646
   100   0.0001145422
