     1   0.6069080968
     2   0.3495799618
     3   0.3071472826
     4   0.2250552378
     5   0.1918995295
     6   0.1773814365
     7   0.1379144821
     8   0.0963913365
     9   0.0811265624
    10   0.0590648914
    11   0.0472476707
    12   0.0375142775
    13   0.0305643240
    14   0.0094946773
    15   0.0073335923
    16   0.0065385021
    17   0.0059808675
    18   0.0055517833
    19   0.0051908932
    20   0.0048813131
    21   0.0046105116
    22   0.0043692402
    23   0.0041506008
    24   0.0039495840
    25   0.0037626951
    26   0.0035875965
    27   0.0034227997
    28   0.0032674096
    29   0.0031209121
    30   0.0029829990
    31   0.0028534301
    32   0.0027319366
    33   0.0026181636
    34   0.0025116494
    35   0.0024118337
    36   0.0023180851
    37   0.0022297383
    38   0.0021461324
    39   0.0020666439
    40   0.0019907104
    41   0.0019178448
    42   0.0018476398
    43   0.0017797650
    44   0.0017139595
    45   0.0016500212
    46   0.0015877952
    47   0.0015271628
    48   0.0014680318
    49   0.0014103304
    50   0.0013540037
    51   0.0012990143
    52   0.0012453454
    53   0.0011930067
    54   0.0011420400
    55   0.0010925223
    56   0.0010445653
    57   0.0009983070
    58   0.0009538978
    59   0.0009114787
    60   0.0008711586
    61   0.0008329946
    62   0.0007969793
    63   0.0007630404
    64   0.0007310505
    65   0.0007008450
    66   0.0006722440
    67   0.0006450715
    68   0.0006191723
    69   0.0005944214
    70   0.0005707292
    71   0.0005480410
    72   0.0005263323
    73   0.0005056017
    74   0.0004858614
    75   0.0004671272
    76   0.0004494087
    77   0.0004327008
    78   0.0004169780
    79   0.0004021916
    80   0.0003882691
    81   0.0003751174
    82   0.0003626263
    83   0.0003506744
    84   0.0003391339
    85   0.0003278756
    86   0.0003167723
    87   0.0003057020
    88   0.0002945496
    89   0.0002832086
    90   0.0002715821
    91   0.0002595845
    92   0.0002471427
    93   0.0002341991
    94   0.0002207149
    95   0.0002066753
    96   0.0001920950
    97   0.0001770256
    98   0.0001615621
    99   0.0001458495
   100   0.0001300848
