     1   0.7561064833
     2   0.4396467080
     3   0.4330368009
     4   0.4072754750
     5   0.3920016870
     6   0.3745607702
     7   0.3264117433
     8   0.3015634955
     9   0.2939807434
    10   0.2179776515
    11   0.1948194538
    12   0.1848699743
    13   0.1787205115
    14   0.1738037640
    15   0.1654105232
    16   0.1398419722
    17   0.0767916743
    18   0.0309960219
    19   0.0294067319
    20   0.0125243303
    21   0.0088405382
    22   0.0071570498
    23   0.0062550797
    24   0.0056001088
    25   0.0050995299
    26   0.0046886812
    27   0.0043398837
    28   0.0040374326
    29   0.0037706134
    30   0.0035314733
    31   0.0033140704
    32   0.0031140753
    33   0.0029284488
    34   0.0027551309
    35   0.0025927477
    36   0.0024403569
    37   0.0022972436
    38   0.0021627703
    39   0.0020362814
    40   0.0019170554
    41   0.0018042968
    42   0.0016971517
    43   0.0015947327
    44   0.0014961450
    45   0.0014005109
    46   0.0013069999
    47   0.0012148663
    48   0.0011234973
    49   0.0010324669
    50   0.0009415888
    51   0.0008509593
    52   0.0007609829
    53   0.0006723761
    54   0.0005861446
    55   0.0005035305
    56   0.0004259197
    57   0.0003547003
    58   0.0002910713
    59   0.0002358362
    60   0.0001892457
    61   0.0001509583
