0 4.6133644295 6.8159665851 67.7405318486
1 4.4428028538 6.6796472534 64.3561846274
2 4.0316289463 6.5460543083 59.1048589686
3 3.3084714555 6.4151332222 52.0999176298
4 2.8036113942 6.2868305577 47.3844753113
5 2.5057976385 6.1610939466 44.2381004235
6 2.4845737255 6.0378720676 42.6290057024
7 2.2012121661 5.9171146263 39.8575805005
8 2.1791766118 5.7987723338 38.3745712843
9 2.1232033416 5.6827968871 36.8021728895
10 2.0005052828 5.5691409493 35.0173523000
11 1.9084831540 5.4577581304 33.4294317585
12 1.8413605590 5.3486029677 31.9981624149
13 1.7524260442 5.2416309084 30.5456916202
14 1.6956399074 5.1367982902 29.2618913700
15 1.6491787103 5.0340623244 28.0615739046
16 1.5203899367 4.9333810779 26.6498344197
17 1.3859959307 4.8347134564 25.2954389252
18 1.1385896861 4.7380191872 23.7452122919
19 1.0863985857 4.6432588035 22.7401142033
20 0.9950699947 4.5503936274 21.6962464588
21 0.8665302165 4.4593857549 20.6369959270
22 0.7638124629 4.3701980398 19.6820403854
23 0.7579251296 4.2827940790 18.9167756251
24 0.6726571541 4.1971381974 18.0684366950
25 0.5825878986 4.1131954335 17.2577853334
26 0.5204444444 4.0309315248 16.5192713772
27 0.5061092189 3.9503128943 15.8611185042
28 0.4200277549 3.8713066364 15.1634383880
29 0.3495636897 3.7938805037 14.5157240493
30 0.3212536594 3.7180028936 13.9267494306
31 0.2606615671 3.6436428357 13.3440775670
32 0.2212132344 3.5707699790 12.7993335381
33 0.2055595763 3.4993545794 12.2877372121
34 0.1759094368 3.4293674879 11.7915054967
35 0.1565710604 3.3607801381 11.3193576336
36 0.1326671249 3.2935645353 10.8651679144
37 0.1116674572 3.2276932446 10.4304733024
38 0.1042920360 3.1631393797 10.0163275644
39 0.0885139258 3.0998765921 9.6170696016
40 0.0778647785 3.0378790603 9.2347721087
41 0.0761717443 2.9771214791 8.8690544359
42 0.0695313102 2.9175790495 8.5171021132
43 0.0679568955 2.8592274685 8.1797998564
44 0.0563175851 2.8020429191 7.8546161911
45 0.0541647799 2.7460020608 7.5434611411
46 0.0526362061 2.6910820195 7.2446930061
47 0.0525716815 2.6372603792 6.9579060892
48 0.0516341526 2.5845151716 6.6823847578
49 0.0438083651 2.5328248681 6.4171209855
50 0.0351733764 2.4821683708 6.1623969873
51 0.0282279935 2.4325250034 5.9179747116
52 0.0242105103 2.3838745033 5.6834437963
53 0.0203548461 2.3361970132 5.4582308044
54 0.0170801964 2.2894730730 5.2419786849
55 0.0147403887 2.2436836115 5.0343334276
56 0.0134797708 2.1988099393 4.8349468533
57 0.0111793493 2.1548337405 4.6434334270
58 0.0102246045 2.1117370657 4.4595379771
59 0.0082264868 2.0695023244 4.2829075457
60 0.0073287303 2.0281122779 4.1132931220
61 0.0071499410 1.9875500323 3.9504062526
62 0.0067886627 1.9477990317 3.7939671537
63 0.0065799220 1.9088430510 3.6437250889
64 0.0064629438 1.8706661900 3.4994337641
65 0.0054752308 1.8332528662 3.3608460497
66 0.0054208472 1.7965878089 3.2277571407
67 0.0052683437 1.7606560527 3.0999374914
68 0.0047505467 1.7254429317 2.9771758781
69 0.0039162296 1.6909340730 2.8592733762
70 0.0036215769 1.6571153916 2.7460445368
71 0.0032327635 1.6239730837 2.6372990275
72 0.0032150019 1.5914936221 2.5328622853
73 0.0030315469 1.5596637496 2.4325602022
74 0.0029089712 1.5284704746 2.3362304539
75 0.0026448757 1.4979010651 2.2437145963
76 0.0023294421 1.4679430438 2.1548622062
77 0.0022333542 1.4385841830 2.0695294393
78 0.0020371178 1.4098124993 1.9875754330
79 0.0018606907 1.3816162493 1.9088669225
80 0.0015173791 1.3539839243 1.8332747698
81 0.0012837704 1.3269042458 1.7606765257
82 0.0011487954 1.3003661609 1.6909534722
83 0.0010403014 1.2743588377 1.6239915295
84 0.0009301406 1.2488716610 1.5596812907
85 0.0008760641 1.2238942277 1.4979178482
86 0.0007274546 1.1994163432 1.4386000935
87 0.0007138552 1.1754280163 1.3816315311
88 0.0006380258 1.1519194560 1.3269188402
89 0.0005308169 1.1288810669 1.2743727449
90 0.0004517357 1.1063034455 1.2239075177
91 0.0004049667 1.0841773766 1.1754407480
92 0.0003443858 1.0624938291 1.1288932555
93 0.0003267911 1.0412439525 1.0841890754
94 0.0003218615 1.0204190735 1.0412551891
95 0.0003096908 1.0000106920 1.0000214800
96 0.0002799607 0.9800104781 0.9604206157
97 0.0002711943 0.9604102686 0.9223879575
98 0.0002399807 0.9412020632 0.8858613814
99 0.0002009183 0.9223780219 0.8507812557
100 0.0001785193 0.9039304615 0.8170903111
101 0.0001745513 0.8858518523 0.7847335347
102 0.0001624533 0.8681348152 0.7536580838
103 0.0001352223 0.8507721189 0.7238132166
104 0.0001307243 0.8337566766 0.6951502128
105 0.0001273826 0.8170815430 0.6676222642
106 0.0001110345 0.8007399122 0.6411844193
107 0.0001067590 0.7847251139 0.6157935158
108 0.0001033838 0.7690306116 0.5914080923
109 0.0000842943 0.7536499994 0.5679883287
110 0.0000794544 0.7385769994 0.5454959904
111 0.0000650922 0.7238054594 0.5238943473
112 0.0000589299 0.7093293502 0.5031481306
113 0.0000553252 0.6951427632 0.4832234643
114 0.0000482061 0.6812399080 0.4640878145
115 0.0000468047 0.6676151098 0.4457099370
116 0.0000433376 0.6542628076 0.4280598233
117 0.0000413175 0.6411775515 0.4111086542
118 0.0000368382 0.6283540004 0.3948287512
119 0.0000330647 0.6157869204 0.3791935325
120 0.0000309182 0.6034711820 0.3641774685
121 0.0000266837 0.5914017584 0.3497560405
122 0.0000245211 0.5795737232 0.3359057012
123 0.0000244606 0.5679822487 0.3226038355
124 0.0000227245 0.5566226038 0.3098287235
125 0.0000216545 0.5454901517 0.2975595061
126 0.0000213919 0.5345803487 0.2857761496
127 0.0000192685 0.5238887417 0.2744594140
128 0.0000187276 0.5134109669 0.2635908212
129 0.0000179322 0.5031427475 0.2531526247
130 0.0000170463 0.4930798926 0.2431277807
131 0.0000142936 0.4832182947 0.2334999206
132 0.0000137061 0.4735539288 0.2242533237
133 0.0000130568 0.4640828502 0.2153728921
134 0.0000106527 0.4548011932 0.2068441255
135 0.0000101098 0.4457051694 0.1986530981
136 0.0000081260 0.4367910660 0.1907864354
137 0.0000075509 0.4280552447 0.1832312925
138 0.0000061533 0.4194941398 0.1759753333
139 0.0000057430 0.4111042570 0.1690067101
140 0.0000056265 0.4028821718 0.1623140444
141 0.0000051267 0.3948245284 0.1558864083
142 0.0000050421 0.3869280378 0.1497133065
143 0.0000049766 0.3791894771 0.1437846596
144 0.0000043839 0.3716056875 0.1380907870
145 0.0000036209 0.3641735738 0.1326223919
146 0.0000029557 0.3568901023 0.1273705451
147 0.0000026889 0.3497523003 0.1223266715
148 0.0000023041 0.3427572543 0.1174825354
149 0.0000021412 0.3359021092 0.1128302270
150 0.0000020258 0.3291840670 0.1083621500
151 0.0000018234 0.3226003856 0.1040710088
152 0.0000017912 0.3161483779 0.0999497969
153 0.0000015449 0.3098254104 0.0959917849
154 0.0000013929 0.3036289022 0.0921905102
155 0.0000013864 0.2975563241 0.0885397660
156 0.0000012192 0.2916051976 0.0850335913
157 0.0000011877 0.2857730937 0.0816662611
158 0.0000011620 0.2800576318 0.0784322771
159 0.0000009961 0.2744564792 0.0753263590
160 0.0000008175 0.2689673496 0.0723434352
161 0.0000007333 0.2635880026 0.0694786351
162 0.0000006582 0.2583162426 0.0667272812
163 0.0000006428 0.2531499177 0.0640848808
164 0.0000006321 0.2480869193 0.0615471196
165 0.0000005114 0.2431251810 0.0591098536
166 0.0000004744 0.2382626773 0.0567691034
167 0.0000004420 0.2334974238 0.0545210469
168 0.0000003808 0.2288274753 0.0523620135
169 0.0000003545 0.2242509258 0.0502884777
170 0.0000002997 0.2197659073 0.0482970540
171 0.0000002756 0.2153705892 0.0463844907
172 0.0000002719 0.2110631774 0.0445476648
173 0.0000002456 0.2068419138 0.0427835773
174 0.0000002097 0.2027050755 0.0410893477
175 0.0000001776 0.1986509740 0.0394622095
176 0.0000001439 0.1946779546 0.0378995060
177 0.0000001267 0.1907843955 0.0363986856
178 0.0000001126 0.1869687076 0.0349572976
179 0.0000000955 0.1832293334 0.0335729886
180 0.0000000790 0.1795647467 0.0322434983
181 0.0000000660 0.1759734518 0.0309666557
182 0.0000000584 0.1724539828 0.0297403762
183 0.0000000512 0.1690049031 0.0285626573
184 0.0000000437 0.1656248050 0.0274315760
185 0.0000000384 0.1623123089 0.0263452856
186 0.0000000341 0.1590660628 0.0253020123
187 0.0000000325 0.1558847415 0.0243000526
188 0.0000000308 0.1527670467 0.0233377706
189 0.0000000305 0.1497117057 0.0224135948
190 0.0000000275 0.1467174716 0.0215260165
191 0.0000000240 0.1437831222 0.0206735862
192 0.0000000210 0.1409074598 0.0198549122
193 0.0000000200 0.1380893106 0.0190686577
194 0.0000000170 0.1353275243 0.0183135388
195 0.0000000140 0.1326209739 0.0175883227
196 0.0000000132 0.1299685544 0.0168918251
197 0.0000000118 0.1273691833 0.0162229089
198 0.0000000098 0.1248217996 0.0155804817
199 0.0000000094 0.1223253636 0.0149634946
200 0.0000000086 0.1198788564 0.0143709402
201 0.0000000085 0.1174812792 0.0138018510
202 0.0000000084 0.1151316537 0.0132552977
203 0.0000000071 0.1128290206 0.0127303879
204 0.0000000060 0.1105724402 0.0122262645
205 0.0000000054 0.1083609914 0.0117421044
206 0.0000000049 0.1061937715 0.0112771171
207 0.0000000042 0.1040698961 0.0108305433
208 0.0000000040 0.1019884982 0.0104016538
209 0.0000000037 0.0999487282 0.0099897483
210 0.0000000035 0.0979497537 0.0095941542
211 0.0000000033 0.0959907586 0.0092142257
212 0.0000000028 0.0940709434 0.0088493424
213 0.0000000026 0.0921895245 0.0084989084
214 0.0000000024 0.0903457341 0.0081623517
215 0.0000000021 0.0885388194 0.0078391225
216 0.0000000018 0.0867680430 0.0075286933
217 0.0000000017 0.0850326821 0.0072305570
218 0.0000000017 0.0833320285 0.0069442270
219 0.0000000014 0.0816653879 0.0066692356
220 0.0000000012 0.0800320802 0.0064051339
221 0.0000000010 0.0784314386 0.0061514906
222 0.0000000009 0.0768628098 0.0059078915
223 0.0000000008 0.0753255536 0.0056739390
224 0.0000000008 0.0738190425 0.0054492510
225 0.0000000008 0.0723426617 0.0052334607
226 0.0000000007 0.0708958084 0.0050262157
227 0.0000000006 0.0694778923 0.0048271775
228 0.0000000005 0.0680883344 0.0046360213
229 0.0000000005 0.0667265677 0.0044524348
230 0.0000000004 0.0653920364 0.0042761184
231 0.0000000004 0.0640841956 0.0041067841
232 0.0000000004 0.0628025117 0.0039441555
233 0.0000000003 0.0615464615 0.0037879669
234 0.0000000003 0.0603155323 0.0036379634
235 0.0000000003 0.0591092216 0.0034939001
236 0.0000000002 0.0579270372 0.0033555416
237 0.0000000002 0.0567684964 0.0032226622
238 0.0000000002 0.0556331265 0.0030950448
239 0.0000000002 0.0545204640 0.0029724810
240 0.0000000001 0.0534300547 0.0028547707
241 0.0000000001 0.0523614536 0.0027417218
242 0.0000000001 0.0513142245 0.0026331496
243 0.0000000001 0.0502879400 0.0025288769
244 0.0000000001 0.0492821812 0.0024287334
245 0.0000000001 0.0482965376 0.0023325555
246 0.0000000001 0.0473306069 0.0022401863
247 0.0000000001 0.0463839947 0.0021514750
248 0.0000000000 0.0454563148 0.0020662766
249 0.0000000000 0.0445471885 0.0019844520
250 0.0000000000 0.0436562448 0.0019058677
251 0.0000000000 0.0427831199 0.0018303953
252 0.0000000000 0.0419274575 0.0017579117
253 0.0000000000 0.0410889083 0.0016882984
254 0.0000000000 0.0402671302 0.0016214418
255 0.0000000000 0.0394617876 0.0015572327
256 0.0000000000 0.0386725518 0.0014955663
257 0.0000000000 0.0378991008 0.0014363418
258 0.0000000000 0.0371411188 0.0013794627
259 0.0000000000 0.0363982964 0.0013248360
260 0.0000000000 0.0356703305 0.0012723725
261 0.0000000000 0.0349569238 0.0012219865
262 0.0000000000 0.0342577854 0.0011735959
263 0.0000000000 0.0335726297 0.0011271215
264 0.0000000000 0.0329011771 0.0010824875
265 0.0000000000 0.0322431535 0.0010396209
266 0.0000000000 0.0315982905 0.0009984520
267 0.0000000000 0.0309663246 0.0009589133
268 0.0000000000 0.0303469982 0.0009209403
269 0.0000000000 0.0297400582 0.0008844711
270 0.0000000000 0.0291452570 0.0008494460
271 0.0000000000 0.0285623519 0.0008158079
272 0.0000000000 0.0279911048 0.0007835020
273 0.0000000000 0.0274312828 0.0007524753
274 0.0000000000 0.0268826571 0.0007226773
275 0.0000000000 0.0263450040 0.0006940592
276 0.0000000000 0.0258181039 0.0006665745
277 0.0000000000 0.0253017418 0.0006401781
278 0.0000000000 0.0247957070 0.0006148271
279 0.0000000000 0.0242997928 0.0005904799
280 0.0000000000 0.0238137970 0.0005670969
281 0.0000000000 0.0233375210 0.0005446399
282 0.0000000000 0.0228707706 0.0005230721
283 0.0000000000 0.0224133552 0.0005023585
284 0.0000000000 0.0219650881 0.0004824651
285 0.0000000000 0.0215257863 0.0004633595
286 0.0000000000 0.0210952706 0.0004450104
287 0.0000000000 0.0206733652 0.0004273880
288 0.0000000000 0.0202598979 0.0004104635
289 0.0000000000 0.0198546999 0.0003942091
290 0.0000000000 0.0194576059 0.0003785984
291 0.0000000000 0.0190684538 0.0003636059
292 0.0000000000 0.0186870847 0.0003492071
293 0.0000000000 0.0183133430 0.0003353785
294 0.0000000000 0.0179470762 0.0003220975
295 0.0000000000 0.0175881347 0.0003093425
296 0.0000000000 0.0172363720 0.0002970925
297 0.0000000000 0.0168916445 0.0002853277
298 0.0000000000 0.0165538116 0.0002740287
299 0.0000000000 0.0162227354 0.0002631771
300 0.0000000000 0.0158982807 0.0002527553
301 0.0000000000 0.0155803151 0.0002427462
302 0.0000000000 0.0152687088 0.0002331335
303 0.0000000000 0.0149633346 0.0002239014
304 0.0000000000 0.0146640679 0.0002150349
305 0.0000000000 0.0143707866 0.0002065195
306 0.0000000000 0.0140833708 0.0001983413
307 0.0000000000 0.0138017034 0.0001904870
308 0.0000000000 0.0135256693 0.0001829437
309 0.0000000000 0.0132551559 0.0001756992
310 0.0000000000 0.0129900528 0.0001687415
311 0.0000000000 0.0127302518 0.0001620593
312 0.0000000000 0.0124756467 0.0001556418
313 0.0000000000 0.0122261338 0.0001494783
314 0.0000000000 0.0119816111 0.0001435590
315 0.0000000000 0.0117419789 0.0001378741
316 0.0000000000 0.0115071393 0.0001324143
317 0.0000000000 0.0112769965 0.0001271707
318 0.0000000000 0.0110514566 0.0001221347
319 0.0000000000 0.0108304275 0.0001172982
320 0.0000000000 0.0106138189 0.0001126532
321 0.0000000000 0.0104015425 0.0001081921
322 0.0000000000 0.0101935117 0.0001039077
323 0.0000000000 0.0099896415 0.0000997929
324 0.0000000000 0.0097898486 0.0000958411
325 0.0000000000 0.0095940517 0.0000920458
326 0.0000000000 0.0094021706 0.0000884008
327 0.0000000000 0.0092141272 0.0000849001
328 0.0000000000 0.0090298447 0.0000815381
329 0.0000000000 0.0088492478 0.0000783092
330 0.0000000000 0.0086722628 0.0000752081
331 0.0000000000 0.0084988176 0.0000722299
332 0.0000000000 0.0083288412 0.0000693696
333 0.0000000000 0.0081622644 0.0000666226
334 0.0000000000 0.0079990191 0.0000639843
335 0.0000000000 0.0078390387 0.0000614505
336 0.0000000000 0.0076822579 0.0000590171
337 0.0000000000 0.0075286128 0.0000566800
338 0.0000000000 0.0073780405 0.0000544355
339 0.0000000000 0.0072304797 0.0000522798
340 0.0000000000 0.0070858701 0.0000502096
341 0.0000000000 0.0069441527 0.0000482213
342 0.0000000000 0.0068052697 0.0000463117
343 0.0000000000 0.0066691643 0.0000444778
344 0.0000000000 0.0065357810 0.0000427164
345 0.0000000000 0.0064050654 0.0000410249
346 0.0000000000 0.0062769641 0.0000394003
347 0.0000000000 0.0061514248 0.0000378400
348 0.0000000000 0.0060283963 0.0000363416
349 0.0000000000 0.0059078284 0.0000349024
350 0.0000000000 0.0057896718 0.0000335203
351 0.0000000000 0.0056738784 0.0000321929
352 0.0000000000 0.0055604008 0.0000309181
353 0.0000000000 0.0054491928 0.0000296937
354 0.0000000000 0.0053402089 0.0000285178
355 0.0000000000 0.0052334047 0.0000273885
356 0.0000000000 0.0051287366 0.0000263039
357 0.0000000000 0.0050261619 0.0000252623
358 0.0000000000 0.0049256387 0.0000242619
359 0.0000000000 0.0048271259 0.0000233011
360 0.0000000000 0.0047305834 0.0000223784
361 0.0000000000 0.0046359717 0.0000214922
362 0.0000000000 0.0045432523 0.0000206411
363 0.0000000000 0.0044523872 0.0000198238
364 0.0000000000 0.0043633395 0.0000190387
365 0.0000000000 0.0042760727 0.0000182848
366 0.0000000000 0.0041905512 0.0000175607
367 0.0000000000 0.0041067402 0.0000168653
368 0.0000000000 0.0040246054 0.0000161974
369 0.0000000000 0.0039441133 0.0000155560
370 0.0000000000 0.0038652310 0.0000149400
371 0.0000000000 0.0037879264 0.0000143484
372 0.0000000000 0.0037121679 0.0000137802
373 0.0000000000 0.0036379245 0.0000132345
374 0.0000000000 0.0035651660 0.0000127104
375 0.0000000000 0.0034938627 0.0000122071
376 0.0000000000 0.0034239855 0.0000117237
377 0.0000000000 0.0033555058 0.0000112594
378 0.0000000000 0.0032883956 0.0000108135
379 0.0000000000 0.0032226277 0.0000103853
380 0.0000000000 0.0031581752 0.0000099741
381 0.0000000000 0.0030950117 0.0000095791
382 0.0000000000 0.0030331114 0.0000091998
383 0.0000000000 0.0029724492 0.0000088355
384 0.0000000000 0.0029130002 0.0000084856
385 0.0000000000 0.0028547402 0.0000081495
386 0.0000000000 0.0027976454 0.0000078268
387 0.0000000000 0.0027416925 0.0000075169
388 0.0000000000 0.0026868587 0.0000072192
389 0.0000000000 0.0026331215 0.0000069333
390 0.0000000000 0.0025804591 0.0000066588
391 0.0000000000 0.0025288499 0.0000063951
392 0.0000000000 0.0024782729 0.0000061418
393 0.0000000000 0.0024287074 0.0000058986
394 0.0000000000 0.0023801333 0.0000056650
395 0.0000000000 0.0023325306 0.0000054407
396 0.0000000000 0.0022858800 0.0000052252
397 0.0000000000 0.0022401624 0.0000050183
398 0.0000000000 0.0021953591 0.0000048196
399 0.0000000000 0.0021514520 0.0000046287
400 0.0000000000 0.0021084229 0.0000044454
401 0.0000000000 0.0020662545 0.0000042694
402 0.0000000000 0.0020249294 0.0000041003
403 0.0000000000 0.0019844308 0.0000039380
404 0.0000000000 0.0019447422 0.0000037820
405 0.0000000000 0.0019058473 0.0000036323
406 0.0000000000 0.0018677304 0.0000034884
407 0.0000000000 0.0018303758 0.0000033503
408 0.0000000000 0.0017937683 0.0000032176
409 0.0000000000 0.0017578929 0.0000030902
410 0.0000000000 0.0017227350 0.0000029678
411 0.0000000000 0.0016882803 0.0000028503
412 0.0000000000 0.0016545147 0.0000027374
413 0.0000000000 0.0016214244 0.0000026290
414 0.0000000000 0.0015889959 0.0000025249
415 0.0000000000 0.0015572160 0.0000024249
416 0.0000000000 0.0015260717 0.0000023289
417 0.0000000000 0.0014955503 0.0000022367
418 0.0000000000 0.0014656393 0.0000021481
419 0.0000000000 0.0014363265 0.0000020630
420 0.0000000000 0.0014076000 0.0000019813
421 0.0000000000 0.0013794480 0.0000019029
422 0.0000000000 0.0013518590 0.0000018275
423 0.0000000000 0.0013248218 0.0000017552
424 0.0000000000 0.0012983254 0.0000016856
425 0.0000000000 0.0012723589 0.0000016189
426 0.0000000000 0.0012469117 0.0000015548
427 0.0000000000 0.0012219735 0.0000014932
428 0.0000000000 0.0011975340 0.0000014341
429 0.0000000000 0.0011735833 0.0000013773
430 0.0000000000 0.0011501116 0.0000013228
431 0.0000000000 0.0011271094 0.0000012704
432 0.0000000000 0.0011045672 0.0000012201
433 0.0000000000 0.0010824759 0.0000011718
434 0.0000000000 0.0010608264 0.0000011254
435 0.0000000000 0.0010396098 0.0000010808
436 0.0000000000 0.0010188176 0.0000010380
437 0.0000000000 0.0009984413 0.0000009969
438 0.0000000000 0.0009784725 0.0000009574
439 0.0000000000 0.0009589030 0.0000009195
440 0.0000000000 0.0009397249 0.0000008831
441 0.0000000000 0.0009209305 0.0000008481
442 0.0000000000 0.0009025118 0.0000008145
443 0.0000000000 0.0008844616 0.0000007823
444 0.0000000000 0.0008667724 0.0000007513
445 0.0000000000 0.0008494369 0.0000007215
446 0.0000000000 0.0008324482 0.0000006930
447 0.0000000000 0.0008157992 0.0000006655
448 0.0000000000 0.0007994832 0.0000006392
449 0.0000000000 0.0007834936 0.0000006139
450 0.0000000000 0.0007678237 0.0000005896
451 0.0000000000 0.0007524672 0.0000005662
452 0.0000000000 0.0007374179 0.0000005438
453 0.0000000000 0.0007226695 0.0000005223
454 0.0000000000 0.0007082161 0.0000005016
455 0.0000000000 0.0006940518 0.0000004817
456 0.0000000000 0.0006801708 0.0000004626
457 0.0000000000 0.0006665674 0.0000004443
458 0.0000000000 0.0006532360 0.0000004267
459 0.0000000000 0.0006401713 0.0000004098
460 0.0000000000 0.0006273679 0.0000003936
461 0.0000000000 0.0006148205 0.0000003780
462 0.0000000000 0.0006025241 0.0000003630
463 0.0000000000 0.0005904736 0.0000003487
464 0.0000000000 0.0005786641 0.0000003349
465 0.0000000000 0.0005670909 0.0000003216
466 0.0000000000 0.0005557490 0.0000003089
467 0.0000000000 0.0005446341 0.0000002966
468 0.0000000000 0.0005337414 0.0000002849
469 0.0000000000 0.0005230666 0.0000002736
470 0.0000000000 0.0005126052 0.0000002628
471 0.0000000000 0.0005023531 0.0000002524
472 0.0000000000 0.0004923061 0.0000002424
473 0.0000000000 0.0004824599 0.0000002328
474 0.0000000000 0.0004728107 0.0000002235
475 0.0000000000 0.0004633545 0.0000002147
476 0.0000000000 0.0004540874 0.0000002062
477 0.0000000000 0.0004450057 0.0000001980
478 0.0000000000 0.0004361056 0.0000001902
479 0.0000000000 0.0004273835 0.0000001827
480 0.0000000000 0.0004188358 0.0000001754
481 0.0000000000 0.0004104591 0.0000001685
482 0.0000000000 0.0004022499 0.0000001618
483 0.0000000000 0.0003942049 0.0000001554
484 0.0000000000 0.0003863208 0.0000001492
485 0.0000000000 0.0003785944 0.0000001433
486 0.0000000000 0.0003710225 0.0000001377
487 0.0000000000 0.0003636020 0.0000001322
488 0.0000000000 0.0003563300 0.0000001270
489 0.0000000000 0.0003492034 0.0000001219
490 0.0000000000 0.0003422193 0.0000001171
491 0.0000000000 0.0003353749 0.0000001125
492 0.0000000000 0.0003286674 0.0000001080
493 0.0000000000 0.0003220941 0.0000001037
494 0.0000000000 0.0003156522 0.0000000996
495 0.0000000000 0.0003093392 0.0000000957
496 0.0000000000 0.0003031524 0.0000000919
497 0.0000000000 0.0002970893 0.0000000883
498 0.0000000000 0.0002911476 0.0000000848
499 0.0000000000 0.0002853246 0.0000000814
500 0.0000000000 0.0002796181 0.0000000782
501 0.0000000000 0.0002740257 0.0000000751
502 0.0000000000 0.0002685452 0.0000000721
503 0.0000000000 0.0002631743 0.0000000693
504 0.0000000000 0.0002579108 0.0000000665
505 0.0000000000 0.0002527526 0.0000000639
506 0.0000000000 0.0002476976 0.0000000614
507 0.0000000000 0.0002427436 0.0000000589
508 0.0000000000 0.0002378888 0.0000000566
509 0.0000000000 0.0002331310 0.0000000544
510 0.0000000000 0.0002284684 0.0000000522
511 0.0000000000 0.0002238990 0.0000000501
512 0.0000000000 0.0002194210 0.0000000481
513 0.0000000000 0.0002150326 0.0000000462
514 0.0000000000 0.0002107319 0.0000000444
515 0.0000000000 0.0002065173 0.0000000426
516 0.0000000000 0.0002023870 0.0000000410
517 0.0000000000 0.0001983392 0.0000000393
518 0.0000000000 0.0001943724 0.0000000378
519 0.0000000000 0.0001904850 0.0000000363
520 0.0000000000 0.0001866753 0.0000000348
521 0.0000000000 0.0001829418 0.0000000335
522 0.0000000000 0.0001792829 0.0000000321
523 0.0000000000 0.0001756973 0.0000000309
524 0.0000000000 0.0001721833 0.0000000296
525 0.0000000000 0.0001687397 0.0000000285
526 0.0000000000 0.0001653649 0.0000000273
527 0.0000000000 0.0001620576 0.0000000263
528 0.0000000000 0.0001588164 0.0000000252
529 0.0000000000 0.0001556401 0.0000000242
530 0.0000000000 0.0001525273 0.0000000233
531 0.0000000000 0.0001494767 0.0000000223
532 0.0000000000 0.0001464872 0.0000000215
533 0.0000000000 0.0001435575 0.0000000206
534 0.0000000000 0.0001406863 0.0000000198
535 0.0000000000 0.0001378726 0.0000000190
536 0.0000000000 0.0001351151 0.0000000183
537 0.0000000000 0.0001324128 0.0000000175
538 0.0000000000 0.0001297646 0.0000000168
539 0.0000000000 0.0001271693 0.0000000162
540 0.0000000000 0.0001246259 0.0000000155
541 0.0000000000 0.0001221334 0.0000000149
542 0.0000000000 0.0001196907 0.0000000143
543 0.0000000000 0.0001172969 0.0000000138
544 0.0000000000 0.0001149510 0.0000000132
545 0.0000000000 0.0001126519 0.0000000127
546 0.0000000000 0.0001103989 0.0000000122
547 0.0000000000 0.0001081909 0.0000000117
548 0.0000000000 0.0001060271 0.0000000112
549 0.0000000000 0.0001039066 0.0000000108
550 0.0000000000 0.0001018284 0.0000000104
551 0.0000000000 0.0000997919 0.0000000100
552 0.0000000000 0.0000977960 0.0000000096
553 0.0000000000 0.0000958401 0.0000000092
554 0.0000000000 0.0000939233 0.0000000088
555 0.0000000000 0.0000920448 0.0000000085
556 0.0000000000 0.0000902039 0.0000000081
557 0.0000000000 0.0000883999 0.0000000078
558 0.0000000000 0.0000866319 0.0000000075
559 0.0000000000 0.0000848992 0.0000000072
560 0.0000000000 0.0000832012 0.0000000069
561 0.0000000000 0.0000815372 0.0000000066
562 0.0000000000 0.0000799065 0.0000000064
563 0.0000000000 0.0000783083 0.0000000061
564 0.0000000000 0.0000767422 0.0000000059
565 0.0000000000 0.0000752073 0.0000000057
566 0.0000000000 0.0000737032 0.0000000054
567 0.0000000000 0.0000722291 0.0000000052
568 0.0000000000 0.0000707845 0.0000000050
569 0.0000000000 0.0000693689 0.0000000048
570 0.0000000000 0.0000679815 0.0000000046
571 0.0000000000 0.0000666218 0.0000000044
572 0.0000000000 0.0000652894 0.0000000043
573 0.0000000000 0.0000639836 0.0000000041
574 0.0000000000 0.0000627040 0.0000000039
575 0.0000000000 0.0000614499 0.0000000038
576 0.0000000000 0.0000602209 0.0000000036
577 0.0000000000 0.0000590165 0.0000000035
578 0.0000000000 0.0000578361 0.0000000033
579 0.0000000000 0.0000566794 0.0000000032
580 0.0000000000 0.0000555458 0.0000000031
581 0.0000000000 0.0000544349 0.0000000030
582 0.0000000000 0.0000533462 0.0000000028
583 0.0000000000 0.0000522793 0.0000000027
584 0.0000000000 0.0000512337 0.0000000026
585 0.0000000000 0.0000502090 0.0000000025
586 0.0000000000 0.0000492048 0.0000000024
587 0.0000000000 0.0000482207 0.0000000023
588 0.0000000000 0.0000472563 0.0000000022
589 0.0000000000 0.0000463112 0.0000000021
590 0.0000000000 0.0000453850 0.0000000021
591 0.0000000000 0.0000444773 0.0000000020
592 0.0000000000 0.0000435877 0.0000000019
593 0.0000000000 0.0000427160 0.0000000018
594 0.0000000000 0.0000418617 0.0000000018
595 0.0000000000 0.0000410244 0.0000000017
596 0.0000000000 0.0000402039 0.0000000016
597 0.0000000000 0.0000393999 0.0000000016
598 0.0000000000 0.0000386119 0.0000000015
599 0.0000000000 0.0000378396 0.0000000014
600 0.0000000000 0.0000370828 0.0000000014
601 0.0000000000 0.0000363412 0.0000000013
602 0.0000000000 0.0000356143 0.0000000013
603 0.0000000000 0.0000349021 0.0000000012
604 0.0000000000 0.0000342040 0.0000000012
605 0.0000000000 0.0000335199 0.0000000011
606 0.0000000000 0.0000328495 0.0000000011
607 0.0000000000 0.0000321926 0.0000000010
608 0.0000000000 0.0000315487 0.0000000010
609 0.0000000000 0.0000309177 0.0000000010
610 0.0000000000 0.0000302994 0.0000000009
611 0.0000000000 0.0000296934 0.0000000009
612 0.0000000000 0.0000290995 0.0000000008
613 0.0000000000 0.0000285175 0.0000000008
614 0.0000000000 0.0000279472 0.0000000008
615 0.0000000000 0.0000273882 0.0000000008
616 0.0000000000 0.0000268405 0.0000000007
617 0.0000000000 0.0000263037 0.0000000007
618 0.0000000000 0.0000257776 0.0000000007
619 0.0000000000 0.0000252620 0.0000000006
620 0.0000000000 0.0000247568 0.0000000006
621 0.0000000000 0.0000242617 0.0000000006
622 0.0000000000 0.0000237764 0.0000000006
623 0.0000000000 0.0000233009 0.0000000005
624 0.0000000000 0.0000228349 0.0000000005
625 0.0000000000 0.0000223782 0.0000000005
626 0.0000000000 0.0000219306 0.0000000005
627 0.0000000000 0.0000214920 0.0000000005
628 0.0000000000 0.0000210622 0.0000000004
629 0.0000000000 0.0000206409 0.0000000004
630 0.0000000000 0.0000202281 0.0000000004
631 0.0000000000 0.0000198235 0.0000000004
632 0.0000000000 0.0000194271 0.0000000004
633 0.0000000000 0.0000190385 0.0000000004
634 0.0000000000 0.0000186578 0.0000000003
635 0.0000000000 0.0000182846 0.0000000003
636 0.0000000000 0.0000179189 0.0000000003
637 0.0000000000 0.0000175605 0.0000000003
638 0.0000000000 0.0000172093 0.0000000003
639 0.0000000000 0.0000168651 0.0000000003
640 0.0000000000 0.0000165278 0.0000000003
641 0.0000000000 0.0000161973 0.0000000003
642 0.0000000000 0.0000158733 0.0000000003
643 0.0000000000 0.0000155559 0.0000000002
644 0.0000000000 0.0000152447 0.0000000002
645 0.0000000000 0.0000149399 0.0000000002
646 0.0000000000 0.0000146411 0.0000000002
647 0.0000000000 0.0000143482 0.0000000002
648 0.0000000000 0.0000140613 0.0000000002
649 0.0000000000 0.0000137800 0.0000000002
650 0.0000000000 0.0000135044 0.0000000002
651 0.0000000000 0.0000132344 0.0000000002
652 0.0000000000 0.0000129697 0.0000000002
653 0.0000000000 0.0000127103 0.0000000002
654 0.0000000000 0.0000124561 0.0000000002
655 0.0000000000 0.0000122069 0.0000000001
656 0.0000000000 0.0000119628 0.0000000001
657 0.0000000000 0.0000117236 0.0000000001
658 0.0000000000 0.0000114891 0.0000000001
659 0.0000000000 0.0000112593 0.0000000001
660 0.0000000000 0.0000110341 0.0000000001
661 0.0000000000 0.0000108134 0.0000000001
662 0.0000000000 0.0000105972 0.0000000001
663 0.0000000000 0.0000103852 0.0000000001
664 0.0000000000 0.0000101775 0.0000000001
665 0.0000000000 0.0000099740 0.0000000001
666 0.0000000000 0.0000097745 0.0000000001
667 0.0000000000 0.0000095790 0.0000000001
668 0.0000000000 0.0000093874 0.0000000001
669 0.0000000000 0.0000091997 0.0000000001
670 0.0000000000 0.0000090157 0.0000000001
671 0.0000000000 0.0000088354 0.0000000001
672 0.0000000000 0.0000086587 0.0000000001
673 0.0000000000 0.0000084855 0.0000000001
674 0.0000000000 0.0000083158 0.0000000001
675 0.0000000000 0.0000081495 0.0000000001
676 0.0000000000 0.0000079865 0.0000000001
677 0.0000000000 0.0000078267 0.0000000001
678 0.0000000000 0.0000076702 0.0000000001
679 0.0000000000 0.0000075168 0.0000000001
680 0.0000000000 0.0000073665 0.0000000001
681 0.0000000000 0.0000072191 0.0000000001
682 0.0000000000 0.0000070747 0.0000000001
683 0.0000000000 0.0000069333 0.0000000000
684 0.0000000000 0.0000067946 0.0000000000
685 0.0000000000 0.0000066587 0.0000000000
686 0.0000000000 0.0000065255 0.0000000000
687 0.0000000000 0.0000063950 0.0000000000
688 0.0000000000 0.0000062671 0.0000000000
689 0.0000000000 0.0000061418 0.0000000000
690 0.0000000000 0.0000060189 0.0000000000
691 0.0000000000 0.0000058986 0.0000000000
692 0.0000000000 0.0000057806 0.0000000000
693 0.0000000000 0.0000056650 0.0000000000
694 0.0000000000 0.0000055517 0.0000000000
695 0.0000000000 0.0000054406 0.0000000000
696 0.0000000000 0.0000053318 0.0000000000
697 0.0000000000 0.0000052252 0.0000000000
698 0.0000000000 0.0000051207 0.0000000000
699 0.0000000000 0.0000050183 0.0000000000
700 0.0000000000 0.0000049179 0.0000000000
