0 6.5768894072 7.7802661098 103.7880150125
1 6.3794177575 7.6246607876 98.8324230505
2 5.9902075282 7.4721675718 91.7158744518
3 5.4568598693 7.3227242204 83.3996096408
4 4.4046876704 7.1762697360 70.9001207967
5 4.3345052305 7.0327443412 68.2474285623
6 3.5922381533 6.8920894544 60.4050719976
7 3.4487231996 6.7542476653 57.5135532322
8 3.2257816800 6.6191627120 54.2189824553
9 3.0673743433 6.4867794578 51.4870930959
10 2.8774489077 6.3570438686 48.6917189640
11 2.3615790547 6.2299029913 44.3887469122
12 2.0351063250 6.1053049314 41.4164060596
13 1.7884681855 5.9831988328 38.9972867234
14 1.5479781094 5.8635348561 36.7772772365
15 1.3239403941 5.7462641590 34.7723699524
16 1.0604138522 5.6313388758 32.8364550724
17 0.9528370398 5.5187120983 31.3640816487
18 0.9214190442 5.4083378564 30.0991314236
19 0.8951852233 5.3001710992 28.8931702651
20 0.8904388671 5.1941676772 27.7722592353
21 0.7259686812 5.0902843237 26.4380250222
22 0.6530491535 4.9884786372 25.3113923109
23 0.6228661572 4.8887090645 24.2874385670
24 0.5161445093 4.7909348832 23.2194622094
25 0.4933366900 4.6951161855 22.2874970853
26 0.4234279403 4.6012138618 21.3504602228
27 0.4215409670 4.5091895846 20.5104874966
28 0.3583389066 4.4190057929 19.6560189696
29 0.2940560283 4.3306256770 18.8407877024
30 0.2487574499 4.2440131635 18.0735280008
31 0.2089524030 4.1591329002 17.3420475884
32 0.1772399380 4.0759502422 16.6447843727
33 0.1617397246 3.9944312374 15.9816406486
34 0.1596416045 3.9145426126 15.3491293079
35 0.1299229250 3.8362517604 14.7337075354
36 0.1103424973 3.7595267252 14.1462166639
37 0.0956361800 3.6843361907 13.5834794447
38 0.0775709863 3.6106494668 13.0428068304
39 0.0669742043 3.5384364775 12.5250182494
40 0.0559242293 3.4676677480 12.0278471297
41 0.0479497901 3.3983143930 11.5508398961
42 0.0384595111 3.3303481051 11.0926976354
43 0.0325864193 3.2637411430 10.6530681235
44 0.0272921066 3.1984663202 10.2309316604
45 0.0263857884 3.1344969938 9.8257676138
46 0.0231465707 3.0718070539 9.4365343401
47 0.0215720235 3.0103709128 9.0627983850
48 0.0199111429 2.9501634946 8.7038610983
49 0.0195197674 2.8911602247 8.3591884661
50 0.0177003029 2.8333370202 8.0281119707
51 0.0142641368 2.7766702798 7.7101013082
52 0.0133848999 2.7211368742 7.4047650436
53 0.0132682485 2.6667141367 7.1115403333
54 0.0123838317 2.6133798540 6.8299076204
55 0.0108472600 2.5611122569 6.5594136554
56 0.0094253685 2.5098900117 6.2996367086
57 0.0080895322 2.4596922115 6.0501512159
58 0.0077402173 2.4104983673 5.8105622896
59 0.0072918540 2.3622883999 5.5804596556
60 0.0063357337 2.3150426319 5.3594625292
61 0.0056651468 2.2687417793 5.1472213550
62 0.0052628941 2.2233669437 4.9433882644
63 0.0049845402 2.1788996048 4.7476283336
64 0.0046519650 2.1353216127 4.5596200306
65 0.0046234753 2.0926151805 4.3790596701
66 0.0040038109 2.0507628769 4.2056444077
67 0.0036773564 2.0097476193 4.0390990164
68 0.0036653009 1.9695526670 3.8791511423
69 0.0035609629 1.9301616136 3.7255365351
70 0.0031798507 1.8915583813 3.5780032215
71 0.0030389996 1.8537272137 3.4363138184
72 0.0025415850 1.8166526694 3.3002333810
73 0.0023478962 1.7803196161 3.1695434479
74 0.0021375647 1.7447132237 3.0440288022
75 0.0017945953 1.7098189593 2.9234840940
76 0.0017608556 1.6756225801 2.8077141315
77 0.0017145606 1.6421101285 2.6965286137
78 0.0015041017 1.6092679259 2.5897455197
79 0.0013477796 1.5770825674 2.4871912409
80 0.0012828570 1.5455409160 2.3886983689
81 0.0011882184 1.5146300977 2.2941057448
82 0.0010112301 1.4843374958 2.2032588239
83 0.0008445988 1.4546507458 2.1160095057
84 0.0007591706 1.4255577309 2.0322154205
85 0.0006953172 1.3970465763 1.9517396198
86 0.0006091198 1.3691056448 1.8744506376
87 0.0005314445 1.3417235319 1.8002223185
88 0.0004975965 1.3148890612 1.7289334910
89 0.0004487330 1.2885912800 1.6604676883
90 0.0003869590 1.2628194544 1.5947131242
91 0.0003773463 1.2375630653 1.5315624831
92 0.0003408892 1.2128118040 1.4709125882
93 0.0003007872 1.1885555679 1.4126644286
94 0.0002750053 1.1647844566 1.3567229059
95 0.0002251777 1.1414887675 1.3029966569
96 0.0001955922 1.1186589921 1.2513979789
97 0.0001572999 1.0962858123 1.2018426069
98 0.0001382063 1.0743600960 1.1542496350
99 0.0001206534 1.0528728941 1.1085413457
100 0.0001123117 1.0318154362 1.0646431070
101 0.0001099075 1.0111791275 1.0224832400
102 0.0001046329 0.9909555449 0.9819929030
103 0.0001040044 0.9711364340 0.9431059843
104 0.0000864595 0.9517137054 0.9057589845
105 0.0000718559 0.9326794313 0.8698909267
106 0.0000680256 0.9140258426 0.8354432456
107 0.0000618180 0.8957453258 0.8023596925
108 0.0000503846 0.8778304193 0.7705862475
109 0.0000455957 0.8602738109 0.7400710318
110 0.0000426993 0.8430683347 0.7107642187
111 0.0000410997 0.8262069680 0.6826179556
112 0.0000365288 0.8096828286 0.6555862843
113 0.0000303717 0.7934891720 0.6296250671
114 0.0000262982 0.7776193886 0.6046919142
115 0.0000255508 0.7620670008 0.5807461144
116 0.0000248151 0.7468256608 0.5577485683
117 0.0000214275 0.7318891476 0.5356617248
118 0.0000203639 0.7172513646 0.5144495205
119 0.0000195293 0.7029063373 0.4940773195
120 0.0000187691 0.6888482106 0.4745118576
121 0.0000166070 0.6750712464 0.4557211880
122 0.0000136850 0.6615698215 0.4376746289
123 0.0000128953 0.6483384250 0.4203427135
124 0.0000125461 0.6353716565 0.4036971421
125 0.0000114903 0.6226642234 0.3877107352
126 0.0000106806 0.6102109389 0.3723573901
127 0.0000087559 0.5980067202 0.3576120374
128 0.0000081005 0.5860465857 0.3434506007
129 0.0000080886 0.5743256540 0.3298499569
130 0.0000071673 0.5628391410 0.3167878986
131 0.0000057534 0.5515823581 0.3042430978
132 0.0000046276 0.5405507110 0.2921950712
133 0.0000039690 0.5297396968 0.2806241463
134 0.0000036012 0.5191449028 0.2695114301
135 0.0000033842 0.5087620048 0.2588387775
136 0.0000028596 0.4985867647 0.2485887619
137 0.0000025056 0.4886150294 0.2387446469
138 0.0000022704 0.4788427288 0.2292903589
139 0.0000020029 0.4692658742 0.2202104607
140 0.0000017597 0.4598805567 0.2114901265
141 0.0000016666 0.4506829456 0.2031151174
142 0.0000016084 0.4416692867 0.1950717588
143 0.0000014193 0.4328359009 0.1873469171
144 0.0000013706 0.4241791829 0.1799279792
145 0.0000011534 0.4156955993 0.1728028313
146 0.0000010813 0.4073816873 0.1659598391
147 0.0000009967 0.3992340535 0.1593878295
148 0.0000009379 0.3912493725 0.1530760715
149 0.0000008038 0.3834243850 0.1470142590
150 0.0000007089 0.3757558973 0.1411924944
151 0.0000005751 0.3682407794 0.1356012716
152 0.0000004928 0.3608759638 0.1302314612
153 0.0000004324 0.3536584445 0.1250742954
154 0.0000003500 0.3465852756 0.1201213533
155 0.0000003127 0.3396535701 0.1153645477
156 0.0000002828 0.3328604987 0.1107961116
157 0.0000002763 0.3262032887 0.1064085856
158 0.0000002290 0.3196792230 0.1021948056
159 0.0000002264 0.3132856385 0.0981478913
160 0.0000002206 0.3070199257 0.0942612348
161 0.0000001995 0.3008795272 0.0905284899
162 0.0000001600 0.2948619367 0.0869435617
163 0.0000001546 0.2889646979 0.0835005967
164 0.0000001340 0.2831854040 0.0801939730
165 0.0000001259 0.2775216959 0.0770182917
166 0.0000001216 0.2719712620 0.0739683673
167 0.0000001038 0.2665318367 0.0710392200
168 0.0000000830 0.2612012000 0.0682260669
169 0.0000000716 0.2559771760 0.0655243146
170 0.0000000650 0.2508576325 0.0629295518
171 0.0000000627 0.2458404798 0.0604375415
172 0.0000000608 0.2409236702 0.0580442149
173 0.0000000548 0.2361051968 0.0557456640
174 0.0000000505 0.2313830929 0.0535381357
175 0.0000000447 0.2267554310 0.0514180255
176 0.0000000398 0.2222203224 0.0493818717
177 0.0000000385 0.2177759160 0.0474263496
178 0.0000000311 0.2134203976 0.0455482661
179 0.0000000273 0.2091519897 0.0437445548
180 0.0000000247 0.2049689499 0.0420122704
181 0.0000000245 0.2008695709 0.0403485845
182 0.0000000222 0.1968521795 0.0387507806
183 0.0000000220 0.1929151359 0.0372162497
184 0.0000000177 0.1890568332 0.0357424862
185 0.0000000156 0.1852756965 0.0343270837
186 0.0000000144 0.1815701826 0.0329677312
187 0.0000000141 0.1779387789 0.0316622090
188 0.0000000115 0.1743800034 0.0304083856
189 0.0000000102 0.1708924033 0.0292042135
190 0.0000000095 0.1674745552 0.0280477266
191 0.0000000082 0.1641250641 0.0269370367
192 0.0000000071 0.1608425628 0.0258703300
193 0.0000000071 0.1576257116 0.0248458650
194 0.0000000064 0.1544731973 0.0238619687
195 0.0000000053 0.1513837334 0.0229170347
196 0.0000000048 0.1483560587 0.0220095202
197 0.0000000048 0.1453889376 0.0211379432
198 0.0000000045 0.1424811588 0.0203008806
199 0.0000000044 0.1396315356 0.0194969657
200 0.0000000039 0.1368389049 0.0187248859
201 0.0000000035 0.1341021268 0.0179833804
202 0.0000000034 0.1314200843 0.0172712386
203 0.0000000028 0.1287916826 0.0165872975
204 0.0000000024 0.1262158489 0.0159304405
205 0.0000000024 0.1236915320 0.0152995951
206 0.0000000022 0.1212177013 0.0146937311
207 0.0000000021 0.1187933473 0.0141118594
208 0.0000000017 0.1164174804 0.0135530297
209 0.0000000014 0.1140891307 0.0130163298
210 0.0000000011 0.1118073481 0.0125008831
211 0.0000000010 0.1095712012 0.0120058481
212 0.0000000009 0.1073797771 0.0115304165
213 0.0000000008 0.1052321816 0.0110738120
214 0.0000000007 0.1031275380 0.0106352891
215 0.0000000006 0.1010649872 0.0102141316
216 0.0000000006 0.0990436875 0.0098096520
217 0.0000000006 0.0970628137 0.0094211898
218 0.0000000005 0.0951215574 0.0090481107
219 0.0000000004 0.0932191263 0.0086898055
220 0.0000000004 0.0913547438 0.0083456892
221 0.0000000004 0.0895276489 0.0080151999
222 0.0000000003 0.0877370959 0.0076977980
223 0.0000000002 0.0859823540 0.0073929652
224 0.0000000002 0.0842627069 0.0071002038
225 0.0000000002 0.0825774528 0.0068190357
226 0.0000000002 0.0809259037 0.0065490019
227 0.0000000001 0.0793073856 0.0062896614
228 0.0000000001 0.0777212379 0.0060405908
229 0.0000000001 0.0761668132 0.0058013834
230 0.0000000001 0.0746434769 0.0055716486
231 0.0000000001 0.0731506074 0.0053510114
232 0.0000000001 0.0716875952 0.0051391113
233 0.0000000001 0.0702538433 0.0049356025
234 0.0000000001 0.0688487665 0.0047401526
235 0.0000000001 0.0674717911 0.0045524426
236 0.0000000000 0.0661223553 0.0043721659
237 0.0000000000 0.0647999082 0.0041990281
238 0.0000000000 0.0635039100 0.0040327466
239 0.0000000000 0.0622338318 0.0038730498
240 0.0000000000 0.0609891552 0.0037196771
241 0.0000000000 0.0597693721 0.0035723778
242 0.0000000000 0.0585739847 0.0034309117
243 0.0000000000 0.0574025050 0.0032950476
244 0.0000000000 0.0562544549 0.0031645637
245 0.0000000000 0.0551293658 0.0030392470
246 0.0000000000 0.0540267784 0.0029188928
247 0.0000000000 0.0529462429 0.0028033046
248 0.0000000000 0.0518873180 0.0026922938
249 0.0000000000 0.0508495717 0.0025856789
250 0.0000000000 0.0498325802 0.0024832861
251 0.0000000000 0.0488359286 0.0023849479
252 0.0000000000 0.0478592100 0.0022905040
253 0.0000000000 0.0469020258 0.0021998000
254 0.0000000000 0.0459639853 0.0021126879
255 0.0000000000 0.0450447056 0.0020290255
256 0.0000000000 0.0441438115 0.0019486761
257 0.0000000000 0.0432609353 0.0018715085
258 0.0000000000 0.0423957166 0.0017973968
259 0.0000000000 0.0415478022 0.0017262199
260 0.0000000000 0.0407168462 0.0016578616
261 0.0000000000 0.0399025093 0.0015922102
262 0.0000000000 0.0391044591 0.0015291587
263 0.0000000000 0.0383223699 0.0014686040
264 0.0000000000 0.0375559225 0.0014104473
265 0.0000000000 0.0368048041 0.0013545936
266 0.0000000000 0.0360687080 0.0013009517
267 0.0000000000 0.0353473338 0.0012494340
268 0.0000000000 0.0346403871 0.0011999564
269 0.0000000000 0.0339475794 0.0011524381
270 0.0000000000 0.0332686278 0.0011068016
271 0.0000000000 0.0326032553 0.0010629723
272 0.0000000000 0.0319511902 0.0010208786
273 0.0000000000 0.0313121663 0.0009804518
274 0.0000000000 0.0306859230 0.0009416259
275 0.0000000000 0.0300722046 0.0009043375
276 0.0000000000 0.0294707605 0.0008685257
277 0.0000000000 0.0288813453 0.0008341321
278 0.0000000000 0.0283037184 0.0008011005
279 0.0000000000 0.0277376440 0.0007693769
280 0.0000000000 0.0271828911 0.0007389096
281 0.0000000000 0.0266392333 0.0007096488
282 0.0000000000 0.0261064486 0.0006815467
283 0.0000000000 0.0255843196 0.0006545574
284 0.0000000000 0.0250726333 0.0006286369
285 0.0000000000 0.0245711806 0.0006037429
286 0.0000000000 0.0240797570 0.0005798347
287 0.0000000000 0.0235981618 0.0005568732
288 0.0000000000 0.0231261986 0.0005348211
289 0.0000000000 0.0226636746 0.0005136421
290 0.0000000000 0.0222104011 0.0004933019
291 0.0000000000 0.0217661931 0.0004737672
292 0.0000000000 0.0213308693 0.0004550060
293 0.0000000000 0.0209042519 0.0004369877
294 0.0000000000 0.0204861668 0.0004196830
295 0.0000000000 0.0200764435 0.0004030636
296 0.0000000000 0.0196749146 0.0003871023
297 0.0000000000 0.0192814163 0.0003717730
298 0.0000000000 0.0188957880 0.0003570508
299 0.0000000000 0.0185178722 0.0003429116
300 0.0000000000 0.0181475148 0.0003293323
301 0.0000000000 0.0177845645 0.0003162907
302 0.0000000000 0.0174288732 0.0003037656
303 0.0000000000 0.0170802957 0.0002917365
304 0.0000000000 0.0167386898 0.0002801837
305 0.0000000000 0.0164039160 0.0002690885
306 0.0000000000 0.0160758377 0.0002584326
307 0.0000000000 0.0157543210 0.0002481986
308 0.0000000000 0.0154392345 0.0002383700
309 0.0000000000 0.0151304499 0.0002289305
310 0.0000000000 0.0148278409 0.0002198649
311 0.0000000000 0.0145312840 0.0002111582
312 0.0000000000 0.0142406584 0.0002027964
313 0.0000000000 0.0139558452 0.0001947656
314 0.0000000000 0.0136767283 0.0001870529
315 0.0000000000 0.0134031937 0.0001796456
316 0.0000000000 0.0131351298 0.0001725316
317 0.0000000000 0.0128724272 0.0001656994
318 0.0000000000 0.0126149787 0.0001591377
319 0.0000000000 0.0123626791 0.0001528358
320 0.0000000000 0.0121154255 0.0001467835
321 0.0000000000 0.0118731170 0.0001409709
322 0.0000000000 0.0116356547 0.0001353885
323 0.0000000000 0.0114029416 0.0001300271
324 0.0000000000 0.0111748828 0.0001248780
325 0.0000000000 0.0109513851 0.0001199328
326 0.0000000000 0.0107323574 0.0001151835
327 0.0000000000 0.0105177103 0.0001106222
328 0.0000000000 0.0103073561 0.0001062416
329 0.0000000000 0.0101012089 0.0001020344
330 0.0000000000 0.0098991848 0.0000979939
331 0.0000000000 0.0097012011 0.0000941133
332 0.0000000000 0.0095071770 0.0000903864
333 0.0000000000 0.0093170335 0.0000868071
334 0.0000000000 0.0091306928 0.0000833696
335 0.0000000000 0.0089480790 0.0000800681
336 0.0000000000 0.0087691174 0.0000768974
337 0.0000000000 0.0085937350 0.0000738523
338 0.0000000000 0.0084218603 0.0000709277
339 0.0000000000 0.0082534231 0.0000681190
340 0.0000000000 0.0080883547 0.0000654215
341 0.0000000000 0.0079265876 0.0000628308
342 0.0000000000 0.0077680558 0.0000603427
343 0.0000000000 0.0076126947 0.0000579531
344 0.0000000000 0.0074604408 0.0000556582
345 0.0000000000 0.0073112320 0.0000534541
346 0.0000000000 0.0071650074 0.0000513373
347 0.0000000000 0.0070217072 0.0000493044
348 0.0000000000 0.0068812731 0.0000473519
349 0.0000000000 0.0067436476 0.0000454768
350 0.0000000000 0.0066087747 0.0000436759
351 0.0000000000 0.0064765992 0.0000419463
352 0.0000000000 0.0063470672 0.0000402853
353 0.0000000000 0.0062201258 0.0000386900
354 0.0000000000 0.0060957233 0.0000371578
355 0.0000000000 0.0059738089 0.0000356864
356 0.0000000000 0.0058543327 0.0000342732
357 0.0000000000 0.0057372460 0.0000329160
358 0.0000000000 0.0056225011 0.0000316125
359 0.0000000000 0.0055100511 0.0000303607
360 0.0000000000 0.0053998501 0.0000291584
361 0.0000000000 0.0052918531 0.0000280037
362 0.0000000000 0.0051860160 0.0000268948
363 0.0000000000 0.0050822957 0.0000258297
364 0.0000000000 0.0049806498 0.0000248069
365 0.0000000000 0.0048810368 0.0000238245
366 0.0000000000 0.0047834160 0.0000228811
367 0.0000000000 0.0046877477 0.0000219750
368 0.0000000000 0.0045939928 0.0000211048
369 0.0000000000 0.0045021129 0.0000202690
370 0.0000000000 0.0044120706 0.0000194664
371 0.0000000000 0.0043238292 0.0000186955
372 0.0000000000 0.0042373526 0.0000179552
373 0.0000000000 0.0041526056 0.0000172441
374 0.0000000000 0.0040695535 0.0000165613
375 0.0000000000 0.0039881624 0.0000159054
376 0.0000000000 0.0039083992 0.0000152756
377 0.0000000000 0.0038302312 0.0000146707
378 0.0000000000 0.0037536266 0.0000140897
379 0.0000000000 0.0036785540 0.0000135318
380 0.0000000000 0.0036049829 0.0000129959
381 0.0000000000 0.0035328833 0.0000124813
382 0.0000000000 0.0034622256 0.0000119870
383 0.0000000000 0.0033929811 0.0000115123
384 0.0000000000 0.0033251215 0.0000110564
385 0.0000000000 0.0032586191 0.0000106186
386 0.0000000000 0.0031934467 0.0000101981
387 0.0000000000 0.0031295777 0.0000097943
388 0.0000000000 0.0030669862 0.0000094064
389 0.0000000000 0.0030056465 0.0000090339
390 0.0000000000 0.0029455335 0.0000086762
391 0.0000000000 0.0028866229 0.0000083326
392 0.0000000000 0.0028288904 0.0000080026
393 0.0000000000 0.0027723126 0.0000076857
394 0.0000000000 0.0027168663 0.0000073814
395 0.0000000000 0.0026625290 0.0000070891
396 0.0000000000 0.0026092784 0.0000068083
397 0.0000000000 0.0025570929 0.0000065387
398 0.0000000000 0.0025059510 0.0000062798
399 0.0000000000 0.0024558320 0.0000060311
400 0.0000000000 0.0024067154 0.0000057923
401 0.0000000000 0.0023585810 0.0000055629
402 0.0000000000 0.0023114094 0.0000053426
403 0.0000000000 0.0022651812 0.0000051310
404 0.0000000000 0.0022198776 0.0000049279
405 0.0000000000 0.0021754801 0.0000047327
406 0.0000000000 0.0021319705 0.0000045453
407 0.0000000000 0.0020893310 0.0000043653
408 0.0000000000 0.0020475444 0.0000041924
409 0.0000000000 0.0020065935 0.0000040264
410 0.0000000000 0.0019664617 0.0000038670
411 0.0000000000 0.0019271324 0.0000037138
412 0.0000000000 0.0018885898 0.0000035668
413 0.0000000000 0.0018508180 0.0000034255
414 0.0000000000 0.0018138016 0.0000032899
415 0.0000000000 0.0017775256 0.0000031596
416 0.0000000000 0.0017419751 0.0000030345
417 0.0000000000 0.0017071356 0.0000029143
418 0.0000000000 0.0016729929 0.0000027989
419 0.0000000000 0.0016395330 0.0000026881
420 0.0000000000 0.0016067424 0.0000025816
421 0.0000000000 0.0015746075 0.0000024794
422 0.0000000000 0.0015431154 0.0000023812
423 0.0000000000 0.0015122531 0.0000022869
424 0.0000000000 0.0014820080 0.0000021963
425 0.0000000000 0.0014523678 0.0000021094
426 0.0000000000 0.0014233205 0.0000020258
427 0.0000000000 0.0013948541 0.0000019456
428 0.0000000000 0.0013669570 0.0000018686
429 0.0000000000 0.0013396178 0.0000017946
430 0.0000000000 0.0013128255 0.0000017235
431 0.0000000000 0.0012865690 0.0000016553
432 0.0000000000 0.0012608376 0.0000015897
433 0.0000000000 0.0012356208 0.0000015268
434 0.0000000000 0.0012109084 0.0000014663
435 0.0000000000 0.0011866903 0.0000014082
436 0.0000000000 0.0011629565 0.0000013525
437 0.0000000000 0.0011396973 0.0000012989
438 0.0000000000 0.0011169034 0.0000012475
439 0.0000000000 0.0010945653 0.0000011981
440 0.0000000000 0.0010726740 0.0000011506
441 0.0000000000 0.0010512205 0.0000011051
442 0.0000000000 0.0010301961 0.0000010613
443 0.0000000000 0.0010095922 0.0000010193
444 0.0000000000 0.0009894003 0.0000009789
445 0.0000000000 0.0009696123 0.0000009401
446 0.0000000000 0.0009502201 0.0000009029
447 0.0000000000 0.0009312157 0.0000008672
448 0.0000000000 0.0009125914 0.0000008328
449 0.0000000000 0.0008943396 0.0000007998
450 0.0000000000 0.0008764528 0.0000007682
451 0.0000000000 0.0008589237 0.0000007377
452 0.0000000000 0.0008417452 0.0000007085
453 0.0000000000 0.0008249103 0.0000006805
454 0.0000000000 0.0008084121 0.0000006535
455 0.0000000000 0.0007922439 0.0000006277
456 0.0000000000 0.0007763990 0.0000006028
457 0.0000000000 0.0007608710 0.0000005789
458 0.0000000000 0.0007456536 0.0000005560
459 0.0000000000 0.0007307405 0.0000005340
460 0.0000000000 0.0007161257 0.0000005128
461 0.0000000000 0.0007018032 0.0000004925
462 0.0000000000 0.0006877671 0.0000004730
463 0.0000000000 0.0006740118 0.0000004543
464 0.0000000000 0.0006605316 0.0000004363
465 0.0000000000 0.0006473209 0.0000004190
466 0.0000000000 0.0006343745 0.0000004024
467 0.0000000000 0.0006216870 0.0000003865
468 0.0000000000 0.0006092533 0.0000003712
469 0.0000000000 0.0005970682 0.0000003565
470 0.0000000000 0.0005851268 0.0000003424
471 0.0000000000 0.0005734243 0.0000003288
472 0.0000000000 0.0005619558 0.0000003158
473 0.0000000000 0.0005507167 0.0000003033
474 0.0000000000 0.0005397024 0.0000002913
475 0.0000000000 0.0005289083 0.0000002797
476 0.0000000000 0.0005183302 0.0000002687
477 0.0000000000 0.0005079636 0.0000002580
478 0.0000000000 0.0004978043 0.0000002478
479 0.0000000000 0.0004878482 0.0000002380
480 0.0000000000 0.0004780912 0.0000002286
481 0.0000000000 0.0004685294 0.0000002195
482 0.0000000000 0.0004591588 0.0000002108
483 0.0000000000 0.0004499756 0.0000002025
484 0.0000000000 0.0004409761 0.0000001945
485 0.0000000000 0.0004321566 0.0000001868
486 0.0000000000 0.0004235135 0.0000001794
487 0.0000000000 0.0004150432 0.0000001723
488 0.0000000000 0.0004067423 0.0000001654
489 0.0000000000 0.0003986075 0.0000001589
490 0.0000000000 0.0003906353 0.0000001526
491 0.0000000000 0.0003828226 0.0000001466
492 0.0000000000 0.0003751662 0.0000001407
493 0.0000000000 0.0003676629 0.0000001352
494 0.0000000000 0.0003603096 0.0000001298
495 0.0000000000 0.0003531034 0.0000001247
496 0.0000000000 0.0003460413 0.0000001197
497 0.0000000000 0.0003391205 0.0000001150
498 0.0000000000 0.0003323381 0.0000001104
499 0.0000000000 0.0003256913 0.0000001061
500 0.0000000000 0.0003191775 0.0000001019
501 0.0000000000 0.0003127940 0.0000000978
502 0.0000000000 0.0003065381 0.0000000940
503 0.0000000000 0.0003004073 0.0000000902
504 0.0000000000 0.0002943992 0.0000000867
505 0.0000000000 0.0002885112 0.0000000832
506 0.0000000000 0.0002827410 0.0000000799
507 0.0000000000 0.0002770862 0.0000000768
508 0.0000000000 0.0002715444 0.0000000737
509 0.0000000000 0.0002661135 0.0000000708
510 0.0000000000 0.0002607913 0.0000000680
511 0.0000000000 0.0002555754 0.0000000653
512 0.0000000000 0.0002504639 0.0000000627
513 0.0000000000 0.0002454547 0.0000000602
514 0.0000000000 0.0002405456 0.0000000579
515 0.0000000000 0.0002357347 0.0000000556
516 0.0000000000 0.0002310200 0.0000000534
517 0.0000000000 0.0002263996 0.0000000513
518 0.0000000000 0.0002218716 0.0000000492
519 0.0000000000 0.0002174341 0.0000000473
520 0.0000000000 0.0002130855 0.0000000454
521 0.0000000000 0.0002088237 0.0000000436
522 0.0000000000 0.0002046473 0.0000000419
523 0.0000000000 0.0002005543 0.0000000402
524 0.0000000000 0.0001965432 0.0000000386
525 0.0000000000 0.0001926124 0.0000000371
526 0.0000000000 0.0001887601 0.0000000356
527 0.0000000000 0.0001849849 0.0000000342
528 0.0000000000 0.0001812852 0.0000000329
529 0.0000000000 0.0001776595 0.0000000316
530 0.0000000000 0.0001741063 0.0000000303
531 0.0000000000 0.0001706242 0.0000000291
532 0.0000000000 0.0001672117 0.0000000280
533 0.0000000000 0.0001638675 0.0000000269
534 0.0000000000 0.0001605901 0.0000000258
535 0.0000000000 0.0001573783 0.0000000248
536 0.0000000000 0.0001542308 0.0000000238
537 0.0000000000 0.0001511462 0.0000000228
538 0.0000000000 0.0001481232 0.0000000219
539 0.0000000000 0.0001451608 0.0000000211
540 0.0000000000 0.0001422576 0.0000000202
541 0.0000000000 0.0001394124 0.0000000194
542 0.0000000000 0.0001366242 0.0000000187
543 0.0000000000 0.0001338917 0.0000000179
544 0.0000000000 0.0001312138 0.0000000172
545 0.0000000000 0.0001285896 0.0000000165
546 0.0000000000 0.0001260178 0.0000000159
547 0.0000000000 0.0001234974 0.0000000153
548 0.0000000000 0.0001210275 0.0000000146
549 0.0000000000 0.0001186069 0.0000000141
550 0.0000000000 0.0001162348 0.0000000135
551 0.0000000000 0.0001139101 0.0000000130
552 0.0000000000 0.0001116319 0.0000000125
553 0.0000000000 0.0001093992 0.0000000120
554 0.0000000000 0.0001072113 0.0000000115
555 0.0000000000 0.0001050670 0.0000000110
556 0.0000000000 0.0001029657 0.0000000106
557 0.0000000000 0.0001009064 0.0000000102
558 0.0000000000 0.0000988882 0.0000000098
559 0.0000000000 0.0000969105 0.0000000094
560 0.0000000000 0.0000949723 0.0000000090
561 0.0000000000 0.0000930728 0.0000000087
562 0.0000000000 0.0000912114 0.0000000083
563 0.0000000000 0.0000893871 0.0000000080
564 0.0000000000 0.0000875994 0.0000000077
565 0.0000000000 0.0000858474 0.0000000074
566 0.0000000000 0.0000841305 0.0000000071
567 0.0000000000 0.0000824479 0.0000000068
568 0.0000000000 0.0000807989 0.0000000065
569 0.0000000000 0.0000791829 0.0000000063
570 0.0000000000 0.0000775993 0.0000000060
571 0.0000000000 0.0000760473 0.0000000058
572 0.0000000000 0.0000745263 0.0000000056
573 0.0000000000 0.0000730358 0.0000000053
574 0.0000000000 0.0000715751 0.0000000051
575 0.0000000000 0.0000701436 0.0000000049
576 0.0000000000 0.0000687407 0.0000000047
577 0.0000000000 0.0000673659 0.0000000045
578 0.0000000000 0.0000660186 0.0000000044
579 0.0000000000 0.0000646982 0.0000000042
580 0.0000000000 0.0000634042 0.0000000040
581 0.0000000000 0.0000621362 0.0000000039
582 0.0000000000 0.0000608934 0.0000000037
583 0.0000000000 0.0000596756 0.0000000036
584 0.0000000000 0.0000584821 0.0000000034
585 0.0000000000 0.0000573124 0.0000000033
586 0.0000000000 0.0000561662 0.0000000032
587 0.0000000000 0.0000550428 0.0000000030
588 0.0000000000 0.0000539420 0.0000000029
589 0.0000000000 0.0000528631 0.0000000028
590 0.0000000000 0.0000518059 0.0000000027
591 0.0000000000 0.0000507698 0.0000000026
592 0.0000000000 0.0000497544 0.0000000025
593 0.0000000000 0.0000487593 0.0000000024
594 0.0000000000 0.0000477841 0.0000000023
595 0.0000000000 0.0000468284 0.0000000022
596 0.0000000000 0.0000458918 0.0000000021
597 0.0000000000 0.0000449740 0.0000000020
598 0.0000000000 0.0000440745 0.0000000019
599 0.0000000000 0.0000431930 0.0000000019
600 0.0000000000 0.0000423292 0.0000000018
601 0.0000000000 0.0000414826 0.0000000017
602 0.0000000000 0.0000406529 0.0000000017
603 0.0000000000 0.0000398399 0.0000000016
604 0.0000000000 0.0000390431 0.0000000015
605 0.0000000000 0.0000382622 0.0000000015
606 0.0000000000 0.0000374970 0.0000000014
607 0.0000000000 0.0000367470 0.0000000014
608 0.0000000000 0.0000360121 0.0000000013
609 0.0000000000 0.0000352919 0.0000000012
610 0.0000000000 0.0000345860 0.0000000012
611 0.0000000000 0.0000338943 0.0000000011
612 0.0000000000 0.0000332164 0.0000000011
613 0.0000000000 0.0000325521 0.0000000011
614 0.0000000000 0.0000319010 0.0000000010
615 0.0000000000 0.0000312630 0.0000000010
616 0.0000000000 0.0000306378 0.0000000009
617 0.0000000000 0.0000300250 0.0000000009
618 0.0000000000 0.0000294245 0.0000000009
619 0.0000000000 0.0000288360 0.0000000008
620 0.0000000000 0.0000282593 0.0000000008
621 0.0000000000 0.0000276941 0.0000000008
622 0.0000000000 0.0000271402 0.0000000007
623 0.0000000000 0.0000265974 0.0000000007
624 0.0000000000 0.0000260655 0.0000000007
625 0.0000000000 0.0000255442 0.0000000007
626 0.0000000000 0.0000250333 0.0000000006
627 0.0000000000 0.0000245326 0.0000000006
628 0.0000000000 0.0000240420 0.0000000006
629 0.0000000000 0.0000235611 0.0000000006
630 0.0000000000 0.0000230899 0.0000000005
631 0.0000000000 0.0000226281 0.0000000005
632 0.0000000000 0.0000221755 0.0000000005
633 0.0000000000 0.0000217320 0.0000000005
634 0.0000000000 0.0000212974 0.0000000005
635 0.0000000000 0.0000208714 0.0000000004
636 0.0000000000 0.0000204540 0.0000000004
637 0.0000000000 0.0000200449 0.0000000004
638 0.0000000000 0.0000196440 0.0000000004
639 0.0000000000 0.0000192512 0.0000000004
640 0.0000000000 0.0000188661 0.0000000004
641 0.0000000000 0.0000184888 0.0000000003
642 0.0000000000 0.0000181190 0.0000000003
643 0.0000000000 0.0000177567 0.0000000003
644 0.0000000000 0.0000174015 0.0000000003
645 0.0000000000 0.0000170535 0.0000000003
646 0.0000000000 0.0000167124 0.0000000003
647 0.0000000000 0.0000163782 0.0000000003
648 0.0000000000 0.0000160506 0.0000000003
649 0.0000000000 0.0000157296 0.0000000002
650 0.0000000000 0.0000154150 0.0000000002
651 0.0000000000 0.0000151067 0.0000000002
652 0.0000000000 0.0000148046 0.0000000002
653 0.0000000000 0.0000145085 0.0000000002
654 0.0000000000 0.0000142183 0.0000000002
655 0.0000000000 0.0000139339 0.0000000002
656 0.0000000000 0.0000136553 0.0000000002
657 0.0000000000 0.0000133822 0.0000000002
658 0.0000000000 0.0000131145 0.0000000002
659 0.0000000000 0.0000128522 0.0000000002
660 0.0000000000 0.0000125952 0.0000000002
661 0.0000000000 0.0000123433 0.0000000002
662 0.0000000000 0.0000120964 0.0000000001
663 0.0000000000 0.0000118545 0.0000000001
664 0.0000000000 0.0000116174 0.0000000001
665 0.0000000000 0.0000113850 0.0000000001
666 0.0000000000 0.0000111573 0.0000000001
667 0.0000000000 0.0000109342 0.0000000001
668 0.0000000000 0.0000107155 0.0000000001
669 0.0000000000 0.0000105012 0.0000000001
670 0.0000000000 0.0000102912 0.0000000001
671 0.0000000000 0.0000100854 0.0000000001
672 0.0000000000 0.0000098836 0.0000000001
673 0.0000000000 0.0000096860 0.0000000001
674 0.0000000000 0.0000094923 0.0000000001
675 0.0000000000 0.0000093024 0.0000000001
676 0.0000000000 0.0000091164 0.0000000001
677 0.0000000000 0.0000089340 0.0000000001
678 0.0000000000 0.0000087554 0.0000000001
679 0.0000000000 0.0000085802 0.0000000001
680 0.0000000000 0.0000084086 0.0000000001
681 0.0000000000 0.0000082405 0.0000000001
682 0.0000000000 0.0000080757 0.0000000001
683 0.0000000000 0.0000079141 0.0000000001
684 0.0000000000 0.0000077559 0.0000000001
685 0.0000000000 0.0000076007 0.0000000001
686 0.0000000000 0.0000074487 0.0000000001
687 0.0000000000 0.0000072998 0.0000000001
688 0.0000000000 0.0000071538 0.0000000001
689 0.0000000000 0.0000070107 0.0000000000
690 0.0000000000 0.0000068705 0.0000000000
691 0.0000000000 0.0000067331 0.0000000000
692 0.0000000000 0.0000065984 0.0000000000
693 0.0000000000 0.0000064664 0.0000000000
694 0.0000000000 0.0000063371 0.0000000000
695 0.0000000000 0.0000062104 0.0000000000
696 0.0000000000 0.0000060862 0.0000000000
697 0.0000000000 0.0000059644 0.0000000000
698 0.0000000000 0.0000058451 0.0000000000
699 0.0000000000 0.0000057282 0.0000000000
700 0.0000000000 0.0000056137 0.0000000000
701 0.0000000000 0.0000055014 0.0000000000
702 0.0000000000 0.0000053914 0.0000000000
703 0.0000000000 0.0000052835 0.0000000000
704 0.0000000000 0.0000051779 0.0000000000
705 0.0000000000 0.0000050743 0.0000000000
706 0.0000000000 0.0000049728 0.0000000000
