0 1.3153778814 7.5560532220 58.8241592639
1 1.0716671499 7.4049321575 55.9814907375
2 1.0558602667 7.2568335144 53.7764735580
3 0.9807261958 7.1116968441 51.5380558732
4 0.8655256014 6.9694629072 49.3225477813
5 0.7308267680 6.8300736490 47.1840138163
6 0.6750459259 6.6934721761 45.2582567739
7 0.5835925264 6.5596027325 43.3689682457
8 0.4873504573 6.4284106779 41.5619743119
9 0.4453226981 6.2998424643 39.8863273809
10 0.3795849053 6.1738456151 38.2604543788
11 0.3463425177 6.0503687027 36.7269145788
12 0.3146260871 5.9293613287 35.2563153409
13 0.2810183525 5.8107741021 33.8440669803
14 0.2417863052 5.6945586201 32.4864584949
15 0.2007074233 5.5806674477 31.1841326313
16 0.1901449346 5.4690540987 29.9467078309
17 0.1603647679 5.3596730167 28.7518117052
18 0.1548955664 5.2524795564 27.6125341270
19 0.1421103738 5.1474299653 26.5162306059
20 0.1403883651 5.0444813660 25.4665011448
21 0.1371741447 4.9435917387 24.4579160245
22 0.1206459657 4.8447199039 23.4858663961
23 0.1052125760 4.7478255058 22.5529167198
24 0.0910725216 4.6528689957 21.6574840953
25 0.0836131882 4.5598116158 20.7988731366
26 0.0783679184 4.4686153835 19.9746649760
27 0.0705688109 4.3792430758 19.1827498740
28 0.0566329270 4.2916582143 18.4215375166
29 0.0481191843 4.2058250500 17.6912798070
30 0.0386810466 4.1217085490 16.9899775862
31 0.0328121991 4.0392743780 16.3168141413
32 0.0300945051 3.9584888905 15.6705399751
33 0.0240906062 3.8793191126 15.0496971350
34 0.0206528619 3.8017327304 14.4535982940
35 0.0172269518 3.7256980758 13.8811229198
36 0.0162209792 3.6511841143 13.3314085564
37 0.0134451006 3.5781604320 12.8034128477
38 0.0126793395 3.5065972233 12.2963848524
39 0.0114488343 3.4364652789 11.8094246887
40 0.0103752257 3.3677359733 11.3417532312
41 0.0097047464 3.3003812538 10.8926106027
42 0.0095877558 3.2343736288 10.4612646955
43 0.0086873792 3.1696861562 10.0469857992
44 0.0076797755 3.1062924331 9.6491116586
45 0.0066681683 3.0441665844 9.2669946580
46 0.0057906103 2.9832832527 8.9000124971
47 0.0052149610 2.9236175877 8.5475669947
48 0.0041775431 2.8651452359 8.2090746747
49 0.0036138504 2.8078423312 7.8839916167
50 0.0031681214 2.7516854846 7.5717830429
51 0.0031409230 2.6966517749 7.2719406603
52 0.0027261361 2.6427187394 6.9839697672
53 0.0023078175 2.5898643646 6.7074027530
54 0.0019602795 2.5380670773 6.4417883315
55 0.0018303029 2.4873057357 6.1866931731
56 0.0017669448 2.4375596210 5.9417000282
57 0.0017569889 2.3888084286 5.7064087956
58 0.0014774140 2.3410322600 5.4804342253
59 0.0014108448 2.2942116148 5.2634089241
60 0.0011500823 2.2483273825 5.0549773418
61 0.0010714697 2.2033608349 4.8548001168
62 0.0010464462 2.1592936182 4.6625500246
63 0.0010412950 2.1161077458 4.4779130762
64 0.0010254157 2.0737855909 4.3005877285
65 0.0008760027 2.0323098791 4.1302842120
66 0.0008388532 1.9916636815 3.9667249239
67 0.0006838456 1.9518304079 3.8096424088
68 0.0006279380 1.9127937997 3.6587805146
69 0.0005633149 1.8745379237 3.5138927448
70 0.0004794011 1.8370471653 3.3747425172
71 0.0004298124 1.8003062219 3.2411026775
72 0.0003715704 1.7643000975 3.1127549721
73 0.0002993268 1.7290140956 2.9894898322
74 0.0002495044 1.6944338136 2.8711060111
75 0.0002489510 1.6605451374 2.7574102152
76 0.0002382342 1.6273342346 2.6482167679
77 0.0002016439 1.5947875499 2.5433473701
78 0.0001867186 1.5628917989 2.4426308100
79 0.0001564684 1.5316339630 2.3459026210
80 0.0001370359 1.5010012837 2.2530048724
81 0.0001131247 1.4709812580 2.1637858743
82 0.0000933446 1.4415616329 2.0780999501
83 0.0000756080 1.4127304002 1.9958071894
84 0.0000727442 1.3844757922 1.9167732245
85 0.0000694781 1.3567862764 1.8408690045
86 0.0000694150 1.3296505508 1.7679705921
87 0.0000611942 1.3030575398 1.6979589558
88 0.0000494962 1.2769963890 1.6307197800
89 0.0000417746 1.2514564612 1.5661432761
90 0.0000394676 1.2264273320 1.5041240023
91 0.0000394497 1.2018987854 1.4445606918
92 0.0000339912 1.1778608097 1.3873560881
93 0.0000333922 1.1543035935 1.3324167870
94 0.0000281361 1.1312175216 1.2796530820
95 0.0000276749 1.1085931712 1.2289788199
96 0.0000231366 1.0864213077 1.1803112585
97 0.0000219406 1.0646928816 1.1335709326
98 0.0000178482 1.0433990240 1.0886815235
99 0.0000159794 1.0225310435 1.0455697351
100 0.0000136300 1.0020804226 1.0041651736
101 0.0000131569 0.9820388142 0.9644002327
102 0.0000122967 0.9623980379 0.9262099835
103 0.0000102441 0.9431500771 0.8895320681
104 0.0000088494 0.9242870756 0.8543065982
105 0.0000071121 0.9058013341 0.8204760568
106 0.0000063036 0.8876853074 0.7879852050
107 0.0000062407 0.8699316012 0.7567809909
108 0.0000051065 0.8525329692 0.7268124636
109 0.0000044568 0.8354823098 0.6980306901
110 0.0000036541 0.8187726636 0.6703886747
111 0.0000031080 0.8023972104 0.6438412832
112 0.0000025908 0.7863492662 0.6183451684
113 0.0000022365 0.7706222808 0.5938586997
114 0.0000017905 0.7552098352 0.5703418952
115 0.0000014496 0.7401056385 0.5477563562
116 0.0000012868 0.7253035257 0.5260652044
117 0.0000012753 0.7107974552 0.5052330224
118 0.0000012183 0.6965815061 0.4852257947
119 0.0000009876 0.6826498760 0.4660108532
120 0.0000008826 0.6689968785 0.4475568234
121 0.0000008412 0.6556169409 0.4298335732
122 0.0000007181 0.6425046021 0.4128121637
123 0.0000006266 0.6296545100 0.3964648020
124 0.0000006240 0.6170614198 0.3807647959
125 0.0000005044 0.6047201914 0.3656865099
126 0.0000004944 0.5926257876 0.3512053242
127 0.0000004705 0.5807732719 0.3372975933
128 0.0000003827 0.5691578064 0.3239406086
129 0.0000003761 0.5577746503 0.3111125605
130 0.0000003306 0.5466191573 0.2987925031
131 0.0000003285 0.5356867741 0.2869603200
132 0.0000003154 0.5249730387 0.2755966913
133 0.0000002578 0.5144735779 0.2646830623
134 0.0000002256 0.5041841063 0.2542016131
135 0.0000002197 0.4941004242 0.2441352292
136 0.0000002069 0.4842184157 0.2344674741
137 0.0000001762 0.4745340474 0.2251825622
138 0.0000001543 0.4650433665 0.2162653327
139 0.0000001442 0.4557424991 0.2077012255
140 0.0000001369 0.4466276491 0.1994762570
141 0.0000001213 0.4376950962 0.1915769972
142 0.0000000977 0.4289411942 0.1839905481
143 0.0000000883 0.4203623704 0.1767045224
144 0.0000000843 0.4119551230 0.1697070233
145 0.0000000804 0.4037160205 0.1629866252
146 0.0000000763 0.3956417001 0.1565323548
147 0.0000000680 0.3877288661 0.1503336736
148 0.0000000580 0.3799742888 0.1443804601
149 0.0000000510 0.3723748030 0.1386629939
150 0.0000000414 0.3649273069 0.1331719393
151 0.0000000382 0.3576287608 0.1278983305
152 0.0000000358 0.3504761856 0.1228335567
153 0.0000000318 0.3434666619 0.1179693478
154 0.0000000287 0.3365973286 0.1132977616
155 0.0000000252 0.3298653820 0.1088111703
156 0.0000000216 0.3232680744 0.1045022479
157 0.0000000196 0.3168027129 0.1003639589
158 0.0000000173 0.3104666587 0.0963895461
159 0.0000000151 0.3042573255 0.0925725201
160 0.0000000151 0.2981721790 0.0889066483
161 0.0000000126 0.2922087354 0.0853859450
162 0.0000000113 0.2863645607 0.0820046616
163 0.0000000110 0.2806372695 0.0787572770
164 0.0000000094 0.2750245241 0.0756384888
165 0.0000000078 0.2695240336 0.0726432047
166 0.0000000070 0.2641335529 0.0697665338
167 0.0000000065 0.2588508819 0.0670037790
168 0.0000000053 0.2536738642 0.0643504294
169 0.0000000043 0.2486003870 0.0618021524
170 0.0000000041 0.2436283792 0.0593547872
171 0.0000000035 0.2387558116 0.0570043376
172 0.0000000030 0.2339806954 0.0547469658
173 0.0000000026 0.2293010815 0.0525789860
174 0.0000000023 0.2247150599 0.0504968581
175 0.0000000019 0.2202207587 0.0484971825
176 0.0000000018 0.2158163435 0.0465766941
177 0.0000000017 0.2115000166 0.0447322570
178 0.0000000015 0.2072700163 0.0429608597
179 0.0000000012 0.2031246160 0.0412596096
180 0.0000000010 0.1990621236 0.0396257291
181 0.0000000008 0.1950808812 0.0380565502
182 0.0000000008 0.1911792635 0.0365495108
183 0.0000000008 0.1873556783 0.0351021502
184 0.0000000008 0.1836085647 0.0337121050
185 0.0000000007 0.1799363934 0.0323771057
186 0.0000000006 0.1763376655 0.0310949723
187 0.0000000006 0.1728109122 0.0298636114
188 0.0000000006 0.1693546940 0.0286810124
189 0.0000000005 0.1659676001 0.0275452443
190 0.0000000005 0.1626482481 0.0264544526
191 0.0000000005 0.1593952831 0.0254068563
192 0.0000000004 0.1562073775 0.0244007448
193 0.0000000004 0.1530832299 0.0234344753
194 0.0000000003 0.1500215653 0.0225064701
195 0.0000000003 0.1470211340 0.0216152139
196 0.0000000003 0.1440807113 0.0207592514
197 0.0000000003 0.1411990971 0.0199371850
198 0.0000000003 0.1383751152 0.0191476725
199 0.0000000003 0.1356076129 0.0183894247
200 0.0000000002 0.1328954606 0.0176612035
201 0.0000000002 0.1302375514 0.0169618198
202 0.0000000002 0.1276328004 0.0162901317
203 0.0000000002 0.1250801444 0.0156450425
204 0.0000000002 0.1225785415 0.0150254988
205 0.0000000001 0.1201269707 0.0144304891
206 0.0000000001 0.1177244312 0.0138590417
207 0.0000000001 0.1153699426 0.0133102237
208 0.0000000001 0.1130625438 0.0127831388
209 0.0000000001 0.1108012929 0.0122769265
210 0.0000000001 0.1085852670 0.0117907602
211 0.0000000001 0.1064135617 0.0113238461
212 0.0000000001 0.1042852905 0.0108754218
213 0.0000000001 0.1021995846 0.0104447551
214 0.0000000001 0.1001555930 0.0100311428
215 0.0000000000 0.0981524811 0.0096339095
216 0.0000000000 0.0961894315 0.0092524067
217 0.0000000000 0.0942656428 0.0088860114
218 0.0000000000 0.0923803300 0.0085341254
219 0.0000000000 0.0905327234 0.0081961740
220 0.0000000000 0.0887220689 0.0078716055
221 0.0000000000 0.0869476275 0.0075598899
222 0.0000000000 0.0852086750 0.0072605183
223 0.0000000000 0.0835045015 0.0069730018
224 0.0000000000 0.0818344115 0.0066968709
225 0.0000000000 0.0801977232 0.0064316748
226 0.0000000000 0.0785937688 0.0061769805
227 0.0000000000 0.0770218934 0.0059323721
228 0.0000000000 0.0754814555 0.0056974501
229 0.0000000000 0.0739718264 0.0054718311
230 0.0000000000 0.0724923899 0.0052551466
231 0.0000000000 0.0710425421 0.0050470428
232 0.0000000000 0.0696216912 0.0048471799
233 0.0000000000 0.0682292574 0.0046552316
234 0.0000000000 0.0668646723 0.0044708844
235 0.0000000000 0.0655273788 0.0042938374
236 0.0000000000 0.0642168312 0.0041238014
237 0.0000000000 0.0629324946 0.0039604989
238 0.0000000000 0.0616738447 0.0038036631
239 0.0000000000 0.0604403678 0.0036530381
240 0.0000000000 0.0592315605 0.0035083778
241 0.0000000000 0.0580469293 0.0033694460
242 0.0000000000 0.0568859907 0.0032360159
243 0.0000000000 0.0557482709 0.0031078697
244 0.0000000000 0.0546333055 0.0029847981
245 0.0000000000 0.0535406393 0.0028666001
246 0.0000000000 0.0524698266 0.0027530827
247 0.0000000000 0.0514204300 0.0026440606
248 0.0000000000 0.0503920214 0.0025393558
249 0.0000000000 0.0493841810 0.0024387973
250 0.0000000000 0.0483964974 0.0023422210
251 0.0000000000 0.0474285674 0.0022494690
252 0.0000000000 0.0464799961 0.0021603900
253 0.0000000000 0.0455503962 0.0020748386
254 0.0000000000 0.0446393882 0.0019926750
255 0.0000000000 0.0437466005 0.0019137651
256 0.0000000000 0.0428716685 0.0018379800
257 0.0000000000 0.0420142351 0.0017651960
258 0.0000000000 0.0411739504 0.0016952942
259 0.0000000000 0.0403504714 0.0016281605
260 0.0000000000 0.0395434620 0.0015636854
261 0.0000000000 0.0387525927 0.0015017634
262 0.0000000000 0.0379775409 0.0014422936
263 0.0000000000 0.0372179900 0.0013851788
264 0.0000000000 0.0364736302 0.0013303257
265 0.0000000000 0.0357441576 0.0012776448
266 0.0000000000 0.0350292745 0.0012270501
267 0.0000000000 0.0343286890 0.0011784589
268 0.0000000000 0.0336421152 0.0011317919
269 0.0000000000 0.0329692729 0.0010869730
270 0.0000000000 0.0323098875 0.0010439288
271 0.0000000000 0.0316636897 0.0010025892
272 0.0000000000 0.0310304159 0.0009628867
273 0.0000000000 0.0304098076 0.0009247564
274 0.0000000000 0.0298016114 0.0008881360
275 0.0000000000 0.0292055792 0.0008529659
276 0.0000000000 0.0286214676 0.0008191884
277 0.0000000000 0.0280490383 0.0007867485
278 0.0000000000 0.0274880575 0.0007555933
279 0.0000000000 0.0269382964 0.0007256718
280 0.0000000000 0.0263995304 0.0006969352
281 0.0000000000 0.0258715398 0.0006693366
282 0.0000000000 0.0253541090 0.0006428308
283 0.0000000000 0.0248470268 0.0006173747
284 0.0000000000 0.0243500863 0.0005929267
285 0.0000000000 0.0238630846 0.0005694468
286 0.0000000000 0.0233858229 0.0005468967
287 0.0000000000 0.0229181064 0.0005252396
288 0.0000000000 0.0224597443 0.0005044401
289 0.0000000000 0.0220105494 0.0004844643
290 0.0000000000 0.0215703384 0.0004652795
291 0.0000000000 0.0211389317 0.0004468544
292 0.0000000000 0.0207161530 0.0004291590
293 0.0000000000 0.0203018300 0.0004121643
294 0.0000000000 0.0198957934 0.0003958426
295 0.0000000000 0.0194978775 0.0003801672
296 0.0000000000 0.0191079200 0.0003651126
297 0.0000000000 0.0187257616 0.0003506541
298 0.0000000000 0.0183512463 0.0003367682
299 0.0000000000 0.0179842214 0.0003234322
300 0.0000000000 0.0176245370 0.0003106243
301 0.0000000000 0.0172720462 0.0002983236
302 0.0000000000 0.0169266053 0.0002865100
303 0.0000000000 0.0165880732 0.0002751642
304 0.0000000000 0.0162563117 0.0002642677
305 0.0000000000 0.0159311855 0.0002538027
306 0.0000000000 0.0156125618 0.0002437521
307 0.0000000000 0.0153003106 0.0002340995
308 0.0000000000 0.0149943043 0.0002248292
309 0.0000000000 0.0146944183 0.0002159259
310 0.0000000000 0.0144005299 0.0002073753
311 0.0000000000 0.0141125193 0.0001991632
312 0.0000000000 0.0138302689 0.0001912763
313 0.0000000000 0.0135536635 0.0001837018
314 0.0000000000 0.0132825903 0.0001764272
315 0.0000000000 0.0130169385 0.0001694407
316 0.0000000000 0.0127565997 0.0001627308
317 0.0000000000 0.0125014677 0.0001562867
318 0.0000000000 0.0122514383 0.0001500977
319 0.0000000000 0.0120064096 0.0001441539
320 0.0000000000 0.0117662814 0.0001384454
321 0.0000000000 0.0115309558 0.0001329629
322 0.0000000000 0.0113003366 0.0001276976
323 0.0000000000 0.0110743299 0.0001226408
324 0.0000000000 0.0108528433 0.0001177842
325 0.0000000000 0.0106357864 0.0001131200
326 0.0000000000 0.0104230707 0.0001086404
327 0.0000000000 0.0102146093 0.0001043382
328 0.0000000000 0.0100103171 0.0001002064
329 0.0000000000 0.0098101108 0.0000962383
330 0.0000000000 0.0096139086 0.0000924272
331 0.0000000000 0.0094216304 0.0000887671
332 0.0000000000 0.0092331978 0.0000852519
333 0.0000000000 0.0090485338 0.0000818760
334 0.0000000000 0.0088675631 0.0000786337
335 0.0000000000 0.0086902119 0.0000755198
336 0.0000000000 0.0085164076 0.0000725292
337 0.0000000000 0.0083460795 0.0000696570
338 0.0000000000 0.0081791579 0.0000668986
339 0.0000000000 0.0080155747 0.0000642494
340 0.0000000000 0.0078552632 0.0000617052
341 0.0000000000 0.0076981580 0.0000592616
342 0.0000000000 0.0075441948 0.0000569149
343 0.0000000000 0.0073933109 0.0000546610
344 0.0000000000 0.0072454447 0.0000524965
345 0.0000000000 0.0071005358 0.0000504176
346 0.0000000000 0.0069585251 0.0000484211
347 0.0000000000 0.0068193546 0.0000465036
348 0.0000000000 0.0066829675 0.0000446621
349 0.0000000000 0.0065493082 0.0000428934
350 0.0000000000 0.0064183220 0.0000411949
351 0.0000000000 0.0062899555 0.0000395635
352 0.0000000000 0.0061641564 0.0000379968
353 0.0000000000 0.0060408733 0.0000364922
354 0.0000000000 0.0059200558 0.0000350471
355 0.0000000000 0.0058016547 0.0000336592
356 0.0000000000 0.0056856216 0.0000323263
357 0.0000000000 0.0055719092 0.0000310462
358 0.0000000000 0.0054604710 0.0000298167
359 0.0000000000 0.0053512616 0.0000286360
360 0.0000000000 0.0052442364 0.0000275020
361 0.0000000000 0.0051393516 0.0000264129
362 0.0000000000 0.0050365646 0.0000253670
363 0.0000000000 0.0049358333 0.0000243625
364 0.0000000000 0.0048371166 0.0000233977
365 0.0000000000 0.0047403743 0.0000224711
366 0.0000000000 0.0046455668 0.0000215813
367 0.0000000000 0.0045526555 0.0000207267
368 0.0000000000 0.0044616024 0.0000199059
369 0.0000000000 0.0043723703 0.0000191176
370 0.0000000000 0.0042849229 0.0000183606
371 0.0000000000 0.0041992245 0.0000176335
372 0.0000000000 0.0041152400 0.0000169352
373 0.0000000000 0.0040329352 0.0000162646
374 0.0000000000 0.0039522765 0.0000156205
375 0.0000000000 0.0038732309 0.0000150019
376 0.0000000000 0.0037957663 0.0000144078
377 0.0000000000 0.0037198510 0.0000138373
378 0.0000000000 0.0036454540 0.0000132893
379 0.0000000000 0.0035725449 0.0000127631
380 0.0000000000 0.0035010940 0.0000122577
381 0.0000000000 0.0034310721 0.0000117723
382 0.0000000000 0.0033624507 0.0000113061
383 0.0000000000 0.0032952017 0.0000108584
384 0.0000000000 0.0032292976 0.0000104284
385 0.0000000000 0.0031647117 0.0000100154
386 0.0000000000 0.0031014174 0.0000096188
387 0.0000000000 0.0030393891 0.0000092379
388 0.0000000000 0.0029786013 0.0000088721
389 0.0000000000 0.0029190293 0.0000085207
390 0.0000000000 0.0028606487 0.0000081833
391 0.0000000000 0.0028034357 0.0000078593
392 0.0000000000 0.0027473670 0.0000075480
393 0.0000000000 0.0026924197 0.0000072491
394 0.0000000000 0.0026385713 0.0000069621
395 0.0000000000 0.0025857999 0.0000066864
396 0.0000000000 0.0025340839 0.0000064216
397 0.0000000000 0.0024834022 0.0000061673
398 0.0000000000 0.0024337341 0.0000059231
399 0.0000000000 0.0023850595 0.0000056885
400 0.0000000000 0.0023373583 0.0000054632
401 0.0000000000 0.0022906111 0.0000052469
402 0.0000000000 0.0022447989 0.0000050391
403 0.0000000000 0.0021999029 0.0000048396
404 0.0000000000 0.0021559048 0.0000046479
405 0.0000000000 0.0021127867 0.0000044639
406 0.0000000000 0.0020705310 0.0000042871
407 0.0000000000 0.0020291204 0.0000041173
408 0.0000000000 0.0019885380 0.0000039543
409 0.0000000000 0.0019487672 0.0000037977
410 0.0000000000 0.0019097919 0.0000036473
411 0.0000000000 0.0018715960 0.0000035029
412 0.0000000000 0.0018341641 0.0000033642
413 0.0000000000 0.0017974808 0.0000032309
414 0.0000000000 0.0017615312 0.0000031030
415 0.0000000000 0.0017263006 0.0000029801
416 0.0000000000 0.0016917746 0.0000028621
417 0.0000000000 0.0016579391 0.0000027488
418 0.0000000000 0.0016247803 0.0000026399
419 0.0000000000 0.0015922847 0.0000025354
420 0.0000000000 0.0015604390 0.0000024350
421 0.0000000000 0.0015292302 0.0000023385
422 0.0000000000 0.0014986456 0.0000022459
423 0.0000000000 0.0014686727 0.0000021570
424 0.0000000000 0.0014392993 0.0000020716
425 0.0000000000 0.0014105133 0.0000019895
426 0.0000000000 0.0013823030 0.0000019108
427 0.0000000000 0.0013546569 0.0000018351
428 0.0000000000 0.0013275638 0.0000017624
429 0.0000000000 0.0013010125 0.0000016926
430 0.0000000000 0.0012749923 0.0000016256
431 0.0000000000 0.0012494924 0.0000015612
432 0.0000000000 0.0012245026 0.0000014994
433 0.0000000000 0.0012000125 0.0000014400
434 0.0000000000 0.0011760123 0.0000013830
435 0.0000000000 0.0011524920 0.0000013282
436 0.0000000000 0.0011294422 0.0000012756
437 0.0000000000 0.0011068534 0.0000012251
438 0.0000000000 0.0010847163 0.0000011766
439 0.0000000000 0.0010630220 0.0000011300
440 0.0000000000 0.0010417615 0.0000010853
441 0.0000000000 0.0010209263 0.0000010423
442 0.0000000000 0.0010005078 0.0000010010
443 0.0000000000 0.0009804976 0.0000009614
444 0.0000000000 0.0009608877 0.0000009233
445 0.0000000000 0.0009416699 0.0000008867
446 0.0000000000 0.0009228365 0.0000008516
447 0.0000000000 0.0009043798 0.0000008179
448 0.0000000000 0.0008862922 0.0000007855
449 0.0000000000 0.0008685663 0.0000007544
450 0.0000000000 0.0008511950 0.0000007245
451 0.0000000000 0.0008341711 0.0000006958
452 0.0000000000 0.0008174877 0.0000006683
453 0.0000000000 0.0008011379 0.0000006418
454 0.0000000000 0.0007851152 0.0000006164
455 0.0000000000 0.0007694129 0.0000005920
456 0.0000000000 0.0007540246 0.0000005686
457 0.0000000000 0.0007389441 0.0000005460
458 0.0000000000 0.0007241652 0.0000005244
459 0.0000000000 0.0007096819 0.0000005036
460 0.0000000000 0.0006954883 0.0000004837
461 0.0000000000 0.0006815785 0.0000004645
462 0.0000000000 0.0006679470 0.0000004462
463 0.0000000000 0.0006545880 0.0000004285
464 0.0000000000 0.0006414963 0.0000004115
465 0.0000000000 0.0006286663 0.0000003952
466 0.0000000000 0.0006160930 0.0000003796
467 0.0000000000 0.0006037711 0.0000003645
468 0.0000000000 0.0005916957 0.0000003501
469 0.0000000000 0.0005798618 0.0000003362
470 0.0000000000 0.0005682646 0.0000003229
471 0.0000000000 0.0005568993 0.0000003101
472 0.0000000000 0.0005457613 0.0000002979
473 0.0000000000 0.0005348461 0.0000002861
474 0.0000000000 0.0005241492 0.0000002747
475 0.0000000000 0.0005136662 0.0000002639
476 0.0000000000 0.0005033928 0.0000002534
477 0.0000000000 0.0004933250 0.0000002434
478 0.0000000000 0.0004834585 0.0000002337
479 0.0000000000 0.0004737893 0.0000002245
480 0.0000000000 0.0004643135 0.0000002156
481 0.0000000000 0.0004550273 0.0000002070
482 0.0000000000 0.0004459267 0.0000001989
483 0.0000000000 0.0004370082 0.0000001910
484 0.0000000000 0.0004282680 0.0000001834
485 0.0000000000 0.0004197027 0.0000001762
486 0.0000000000 0.0004113086 0.0000001692
487 0.0000000000 0.0004030824 0.0000001625
488 0.0000000000 0.0003950208 0.0000001560
489 0.0000000000 0.0003871204 0.0000001499
490 0.0000000000 0.0003793780 0.0000001439
491 0.0000000000 0.0003717904 0.0000001382
492 0.0000000000 0.0003643546 0.0000001328
493 0.0000000000 0.0003570675 0.0000001275
494 0.0000000000 0.0003499262 0.0000001224
495 0.0000000000 0.0003429276 0.0000001176
496 0.0000000000 0.0003360691 0.0000001129
497 0.0000000000 0.0003293477 0.0000001085
498 0.0000000000 0.0003227607 0.0000001042
499 0.0000000000 0.0003163055 0.0000001000
500 0.0000000000 0.0003099794 0.0000000961
501 0.0000000000 0.0003037798 0.0000000923
502 0.0000000000 0.0002977042 0.0000000886
503 0.0000000000 0.0002917501 0.0000000851
504 0.0000000000 0.0002859151 0.0000000817
505 0.0000000000 0.0002801968 0.0000000785
506 0.0000000000 0.0002745929 0.0000000754
507 0.0000000000 0.0002691010 0.0000000724
508 0.0000000000 0.0002637190 0.0000000695
509 0.0000000000 0.0002584446 0.0000000668
510 0.0000000000 0.0002532758 0.0000000641
511 0.0000000000 0.0002482102 0.0000000616
512 0.0000000000 0.0002432460 0.0000000592
513 0.0000000000 0.0002383811 0.0000000568
514 0.0000000000 0.0002336135 0.0000000546
515 0.0000000000 0.0002289412 0.0000000524
516 0.0000000000 0.0002243624 0.0000000503
517 0.0000000000 0.0002198751 0.0000000483
518 0.0000000000 0.0002154776 0.0000000464
519 0.0000000000 0.0002111681 0.0000000446
520 0.0000000000 0.0002069447 0.0000000428
521 0.0000000000 0.0002028058 0.0000000411
522 0.0000000000 0.0001987497 0.0000000395
523 0.0000000000 0.0001947747 0.0000000379
524 0.0000000000 0.0001908792 0.0000000364
525 0.0000000000 0.0001870616 0.0000000350
526 0.0000000000 0.0001833204 0.0000000336
527 0.0000000000 0.0001796540 0.0000000323
528 0.0000000000 0.0001760609 0.0000000310
529 0.0000000000 0.0001725397 0.0000000298
530 0.0000000000 0.0001690889 0.0000000286
531 0.0000000000 0.0001657071 0.0000000275
532 0.0000000000 0.0001623930 0.0000000264
533 0.0000000000 0.0001591451 0.0000000253
534 0.0000000000 0.0001559622 0.0000000243
535 0.0000000000 0.0001528430 0.0000000234
536 0.0000000000 0.0001497861 0.0000000224
537 0.0000000000 0.0001467904 0.0000000215
538 0.0000000000 0.0001438546 0.0000000207
539 0.0000000000 0.0001409775 0.0000000199
540 0.0000000000 0.0001381580 0.0000000191
541 0.0000000000 0.0001353948 0.0000000183
542 0.0000000000 0.0001326869 0.0000000176
543 0.0000000000 0.0001300332 0.0000000169
544 0.0000000000 0.0001274325 0.0000000162
545 0.0000000000 0.0001248838 0.0000000156
546 0.0000000000 0.0001223862 0.0000000150
547 0.0000000000 0.0001199384 0.0000000144
548 0.0000000000 0.0001175397 0.0000000138
549 0.0000000000 0.0001151889 0.0000000133
550 0.0000000000 0.0001128851 0.0000000127
551 0.0000000000 0.0001106274 0.0000000122
552 0.0000000000 0.0001084149 0.0000000118
553 0.0000000000 0.0001062466 0.0000000113
554 0.0000000000 0.0001041216 0.0000000108
555 0.0000000000 0.0001020392 0.0000000104
556 0.0000000000 0.0000999984 0.0000000100
557 0.0000000000 0.0000979984 0.0000000096
558 0.0000000000 0.0000960385 0.0000000092
559 0.0000000000 0.0000941177 0.0000000089
560 0.0000000000 0.0000922353 0.0000000085
561 0.0000000000 0.0000903906 0.0000000082
562 0.0000000000 0.0000885828 0.0000000078
563 0.0000000000 0.0000868112 0.0000000075
564 0.0000000000 0.0000850749 0.0000000072
565 0.0000000000 0.0000833735 0.0000000070
566 0.0000000000 0.0000817060 0.0000000067
567 0.0000000000 0.0000800719 0.0000000064
568 0.0000000000 0.0000784704 0.0000000062
569 0.0000000000 0.0000769010 0.0000000059
570 0.0000000000 0.0000753630 0.0000000057
571 0.0000000000 0.0000738557 0.0000000055
572 0.0000000000 0.0000723786 0.0000000052
573 0.0000000000 0.0000709310 0.0000000050
574 0.0000000000 0.0000695124 0.0000000048
575 0.0000000000 0.0000681222 0.0000000046
576 0.0000000000 0.0000667597 0.0000000045
577 0.0000000000 0.0000654245 0.0000000043
578 0.0000000000 0.0000641160 0.0000000041
579 0.0000000000 0.0000628337 0.0000000039
580 0.0000000000 0.0000615771 0.0000000038
581 0.0000000000 0.0000603455 0.0000000036
582 0.0000000000 0.0000591386 0.0000000035
583 0.0000000000 0.0000579558 0.0000000034
584 0.0000000000 0.0000567967 0.0000000032
585 0.0000000000 0.0000556608 0.0000000031
586 0.0000000000 0.0000545476 0.0000000030
587 0.0000000000 0.0000534566 0.0000000029
588 0.0000000000 0.0000523875 0.0000000027
589 0.0000000000 0.0000513397 0.0000000026
590 0.0000000000 0.0000503129 0.0000000025
591 0.0000000000 0.0000493067 0.0000000024
592 0.0000000000 0.0000483205 0.0000000023
593 0.0000000000 0.0000473541 0.0000000022
594 0.0000000000 0.0000464071 0.0000000022
595 0.0000000000 0.0000454789 0.0000000021
596 0.0000000000 0.0000445693 0.0000000020
597 0.0000000000 0.0000436779 0.0000000019
598 0.0000000000 0.0000428044 0.0000000018
599 0.0000000000 0.0000419483 0.0000000018
600 0.0000000000 0.0000411093 0.0000000017
601 0.0000000000 0.0000402871 0.0000000016
602 0.0000000000 0.0000394814 0.0000000016
603 0.0000000000 0.0000386918 0.0000000015
604 0.0000000000 0.0000379179 0.0000000014
605 0.0000000000 0.0000371596 0.0000000014
606 0.0000000000 0.0000364164 0.0000000013
607 0.0000000000 0.0000356881 0.0000000013
608 0.0000000000 0.0000349743 0.0000000012
609 0.0000000000 0.0000342748 0.0000000012
610 0.0000000000 0.0000335893 0.0000000011
611 0.0000000000 0.0000329175 0.0000000011
612 0.0000000000 0.0000322592 0.0000000010
613 0.0000000000 0.0000316140 0.0000000010
614 0.0000000000 0.0000309817 0.0000000010
615 0.0000000000 0.0000303621 0.0000000009
616 0.0000000000 0.0000297548 0.0000000009
617 0.0000000000 0.0000291597 0.0000000009
618 0.0000000000 0.0000285765 0.0000000008
619 0.0000000000 0.0000280050 0.0000000008
620 0.0000000000 0.0000274449 0.0000000008
621 0.0000000000 0.0000268960 0.0000000007
622 0.0000000000 0.0000263581 0.0000000007
623 0.0000000000 0.0000258309 0.0000000007
624 0.0000000000 0.0000253143 0.0000000006
625 0.0000000000 0.0000248080 0.0000000006
626 0.0000000000 0.0000243119 0.0000000006
627 0.0000000000 0.0000238256 0.0000000006
628 0.0000000000 0.0000233491 0.0000000005
629 0.0000000000 0.0000228821 0.0000000005
630 0.0000000000 0.0000224245 0.0000000005
631 0.0000000000 0.0000219760 0.0000000005
632 0.0000000000 0.0000215365 0.0000000005
633 0.0000000000 0.0000211058 0.0000000004
634 0.0000000000 0.0000206836 0.0000000004
635 0.0000000000 0.0000202700 0.0000000004
636 0.0000000000 0.0000198646 0.0000000004
637 0.0000000000 0.0000194673 0.0000000004
638 0.0000000000 0.0000190779 0.0000000004
639 0.0000000000 0.0000186964 0.0000000003
640 0.0000000000 0.0000183224 0.0000000003
641 0.0000000000 0.0000179560 0.0000000003
642 0.0000000000 0.0000175969 0.0000000003
643 0.0000000000 0.0000172449 0.0000000003
644 0.0000000000 0.0000169000 0.0000000003
645 0.0000000000 0.0000165620 0.0000000003
646 0.0000000000 0.0000162308 0.0000000003
647 0.0000000000 0.0000159062 0.0000000003
648 0.0000000000 0.0000155881 0.0000000002
649 0.0000000000 0.0000152763 0.0000000002
650 0.0000000000 0.0000149708 0.0000000002
651 0.0000000000 0.0000146714 0.0000000002
652 0.0000000000 0.0000143779 0.0000000002
653 0.0000000000 0.0000140904 0.0000000002
654 0.0000000000 0.0000138086 0.0000000002
655 0.0000000000 0.0000135324 0.0000000002
656 0.0000000000 0.0000132617 0.0000000002
657 0.0000000000 0.0000129965 0.0000000002
658 0.0000000000 0.0000127366 0.0000000002
659 0.0000000000 0.0000124818 0.0000000002
660 0.0000000000 0.0000122322 0.0000000001
661 0.0000000000 0.0000119876 0.0000000001
662 0.0000000000 0.0000117478 0.0000000001
663 0.0000000000 0.0000115129 0.0000000001
664 0.0000000000 0.0000112826 0.0000000001
665 0.0000000000 0.0000110569 0.0000000001
666 0.0000000000 0.0000108358 0.0000000001
667 0.0000000000 0.0000106191 0.0000000001
668 0.0000000000 0.0000104067 0.0000000001
669 0.0000000000 0.0000101986 0.0000000001
670 0.0000000000 0.0000099946 0.0000000001
671 0.0000000000 0.0000097947 0.0000000001
672 0.0000000000 0.0000095988 0.0000000001
673 0.0000000000 0.0000094068 0.0000000001
674 0.0000000000 0.0000092187 0.0000000001
675 0.0000000000 0.0000090343 0.0000000001
676 0.0000000000 0.0000088536 0.0000000001
677 0.0000000000 0.0000086766 0.0000000001
678 0.0000000000 0.0000085030 0.0000000001
679 0.0000000000 0.0000083330 0.0000000001
680 0.0000000000 0.0000081663 0.0000000001
681 0.0000000000 0.0000080030 0.0000000001
682 0.0000000000 0.0000078429 0.0000000001
683 0.0000000000 0.0000076861 0.0000000001
684 0.0000000000 0.0000075324 0.0000000001
685 0.0000000000 0.0000073817 0.0000000001
686 0.0000000000 0.0000072341 0.0000000001
687 0.0000000000 0.0000070894 0.0000000001
688 0.0000000000 0.0000069476 0.0000000000
689 0.0000000000 0.0000068087 0.0000000000
690 0.0000000000 0.0000066725 0.0000000000
691 0.0000000000 0.0000065390 0.0000000000
692 0.0000000000 0.0000064082 0.0000000000
693 0.0000000000 0.0000062801 0.0000000000
694 0.0000000000 0.0000061545 0.0000000000
695 0.0000000000 0.0000060314 0.0000000000
696 0.0000000000 0.0000059108 0.0000000000
697 0.0000000000 0.0000057925 0.0000000000
698 0.0000000000 0.0000056767 0.0000000000
699 0.0000000000 0.0000055632 0.0000000000
700 0.0000000000 0.0000054519 0.0000000000
701 0.0000000000 0.0000053429 0.0000000000
702 0.0000000000 0.0000052360 0.0000000000
703 0.0000000000 0.0000051313 0.0000000000
704 0.0000000000 0.0000050287 0.0000000000
705 0.0000000000 0.0000049281 0.0000000000
