0.1010901984
0.0494720748
0.0618316218
0.0731494329
0.0738330484
0.0707413643
0.0679974082
0.0628476251
0.0562987790
0.0544648399
0.0549148935
0.0535741844
0.0500275159
0.0451468257
0.0403697692
0.0362397628
0.0322046321
0.0280486407
0.0240307660
0.0203608991
0.0170672506
0.0141798932
0.0117906028
0.0099096544
0.0085140281
0.0075024621
0.0067250951
0.0060597364
0.0054173359
0.0047272779
0.0039498435
0.0031167950
0.0023315866
0.0016863117
0.0012049018
0.0008700606
0.0006507073
0.0005119730
0.0004245225
0.0003681929
0.0003305522
0.0003042732
0.0002850614
0.0002703637
0.0002586320
0.0002489091
0.0002405915
0.0002332901
0.0002267488
0.0002207946
0.0002153083
0.0002102054
0.0002054244
0.0002009196
0.0001966556
0.0001926047
0.0001887449
0.0001850579
0.0001815286
0.0001781443
0.0001748939
0.0001717682
0.0001687588
0.0001658584
0.0001630604
0.0001603590
0.0001577489
0.0001552252
0.0001527835
0.0001504195
0.0001481296
0.0001459102
0.0001437581
0.0001416701
0.0001396435
0.0001376754
0.0001357635
0.0001339054
0.0001320987
0.0001303415
0.0001286316
0.0001269671
0.0001253464
0.0001237677
0.0001222293
0.0001207298
0.0001192677
0.0001178416
0.0001164502
0.0001150922
0.0001137664
0.0001026172
0.0001014480
0.0001003060
0.0000893505
0.0000785270
0.0000776493
0.0000669388
0.0000661955
0.0000654689
