.1010901984
.0494720748
.0618316218
.0731494329
.0738330484
.0707413643
.0679974082
.0628476251
.0562987790
.0544648399
.0549148935
.0535741844
.0500275159
.0451468257
.0403697692
.0362397628
.0322046321
.0280486407
.0240307660
.0203608991
.0170672506
.0141798932
.0117906028
.0099096544
.0085140281
.0075024621
.0067250951
.0060597364
.0054173359
.0047272779
.0039498435
.0031167950
.0023315866
.0016863117
.0012049018
.0008700606
.0006507073
.0005119730
.0004245225
.0003681929
.0003305522
.0003042732
.0002850614
.0002703637
.0002586320
.0002489091
.0002405915
.0002332901
.0002267488
.0002207946
.0002153083
.0002102054
.0002054244
.0002009196
.0001966556
.0001926047
.0001887449
.0001850579
.0001815286
.0001781443
.0001748939
.0001717682
.0001687588
.0001658584
.0001630604
.0001603590
.0001577489
.0001552252
.0001527835
.0001504195
.0001481296
.0001459102
.0001437581
.0001416701
.0001396435
.0001376754
.0001357635
.0001339054
.0001320987
.0001303415
.0001286316
.0001269671
.0001253464
.0001237677
.0001222293
.0001207298
.0001192677
.0001178416
.0001164502
.0001150922
.0001137664
.0001026172
.0001014480
.0001003060
.0000893505
.0000785270
.0000776493
.0000669388
.0000661955
.0000654689
