0 0.1151216257
1 0.1082245512
2 0.1097339618
3 0.1070287901
4 0.0978704004
5 0.0949905732
6 0.0933867867
7 0.0881642308
8 0.0843591208
9 0.0820192383
10 0.0803553497
11 0.0771640839
12 0.0734457060
13 0.0697079090
14 0.0665119303
15 0.0639587232
16 0.0606876186
17 0.0568372038
18 0.0525055368
19 0.0486964801
20 0.0458592753
21 0.0424422415
22 0.0376611083
23 0.0319020490
24 0.0261161525
25 0.0197022455
26 0.0122918145
27 0.0066317499
28 0.0033144065
29 0.0013140879
30 0.0005315785
31 0.0003729755
32 0.0002545781
33 0.0001993860
34 0.0001851350
35 0.0001469539
36 0.0001298988
37 0.0001448659
38 0.0001373302
39 0.0000890540
