0 0.1383029648
1 0.1163712230
2 0.1238676871
3 0.1223348151
4 0.1008168438
5 0.0999932250
6 0.1021733799
7 0.0946025976
8 0.0895850621
9 0.0896690899
10 0.0886888503
11 0.0888158719
12 0.0842860868
13 0.0827345625
14 0.0805249153
15 0.0786880109
16 0.0787083830
17 0.0755515981
18 0.0723198002
19 0.0686079231
20 0.0656421711
21 0.0654119576
22 0.0638855024
23 0.0608906973
24 0.0571425747
25 0.0532429545
26 0.0516552122
27 0.0517288106
28 0.0508582759
29 0.0491212527
30 0.0470090288
31 0.0453823149
32 0.0450389368
33 0.0448515494
34 0.0438293605
35 0.0419199420
36 0.0392442373
37 0.0363176154
38 0.0334002613
39 0.0292164473
40 0.0221234689
41 0.0131697747
42 0.0064273636
43 0.0035707049
44 0.0013267138
45 0.0006324153
46 0.0008207691
47 0.0005618562
48 0.0005279301
49 0.0005811981
50 0.0005147402
51 0.0004253002
52 0.0004334318
53 0.0004836387
54 0.0004084331
55 0.0002728788
56 0.0001747287
57 0.0000859694
