0 0.1126101941
1 0.1241948609
2 0.1198867316
3 0.1064190733
4 0.1091248430
5 0.1092468005
6 0.0930131166
7 0.0910102641
8 0.0913421935
9 0.0892963011
10 0.0816483508
11 0.0797933925
12 0.0758014728
13 0.0746200282
14 0.0686313113
15 0.0624324919
16 0.0557647453
17 0.0500745169
18 0.0466899715
19 0.0400770818
20 0.0310532070
21 0.0211735269
22 0.0130934547
23 0.0076344184
24 0.0039932063
25 0.0022582930
26 0.0010221013
27 0.0003146573
28 0.0002414753
29 0.0004152664
30 0.0006539064
31 0.0008746768
32 0.0010431988
33 0.0011598390
34 0.0012423979
35 0.0012913856
36 0.0012739795
37 0.0011903467
38 0.0010914821
39 0.0010140134
40 0.0009640600
41 0.0009130430
42 0.0008237071
43 0.0007369824
44 0.0007141185
45 0.0006434871
46 0.0004775322
47 0.0002981683
48 0.0001086974
49 0.0000597233
