0 0.1285412253
1 0.1113012677
2 0.1129303287
3 0.1175241690
4 0.1060475155
5 0.1011268039
6 0.1017272792
7 0.1004747792
8 0.0914770843
9 0.0912877462
10 0.0903457821
11 0.0909556729
12 0.0877085401
13 0.0847514568
14 0.0838634331
15 0.0816442482
16 0.0808674233
17 0.0774276072
18 0.0731651353
19 0.0687585900
20 0.0644900395
21 0.0623971198
22 0.0585725545
23 0.0533361096
24 0.0470335094
25 0.0413786733
26 0.0367878585
27 0.0294597867
28 0.0206780804
29 0.0122468270
30 0.0073787166
31 0.0036471254
32 0.0012142130
33 0.0004495786
34 0.0001520621
35 0.0001157627
36 0.0003452410
37 0.0006323322
38 0.0008684558
39 0.0010273258
40 0.0011106979
41 0.0011394212
42 0.0011639084
43 0.0012266288
44 0.0012432118
45 0.0011543305
46 0.0010784991
47 0.0010505359
48 0.0010320216
49 0.0009958247
50 0.0009392641
51 0.0008937407
52 0.0009036181
53 0.0009283975
54 0.0008986717
55 0.0008588679
56 0.0008189882
57 0.0007494286
58 0.0006594204
59 0.0005772653
60 0.0004965348
61 0.0003800124
62 0.0002262737
63 0.0000870687
