0 0.1281037001
1 0.1311387498
2 0.1283928185
3 0.1185053292
4 0.1179929492
5 0.1150593008
6 0.1066617282
7 0.1037343799
8 0.1024918807
9 0.0979659214
10 0.0941316835
11 0.0928920389
12 0.0915436382
13 0.0879908262
14 0.0846487902
15 0.0825435136
16 0.0796547504
17 0.0745341011
18 0.0690378361
19 0.0642734396
20 0.0578999830
21 0.0491651638
22 0.0416953816
23 0.0338273162
24 0.0227303878
25 0.0114393417
26 0.0042810729
27 0.0012311154
28 0.0002593762
29 0.0000971240
0 0.1151216257
1 0.1082245512
2 0.1097339618
3 0.1070287901
4 0.0978704004
5 0.0949905732
6 0.0933867867
7 0.0881642308
8 0.0843591208
9 0.0820192383
10 0.0803553497
11 0.0771640839
12 0.0734457060
13 0.0697079090
14 0.0665119303
15 0.0639587232
16 0.0606876186
17 0.0568372038
18 0.0525055368
19 0.0486964801
20 0.0458592753
21 0.0424422415
22 0.0376611083
23 0.0319020490
24 0.0261161525
25 0.0197022455
26 0.0122918145
27 0.0066317499
28 0.0033144065
29 0.0013140879
30 0.0005315785
31 0.0003729755
32 0.0002545781
33 0.0001993860
34 0.0001851350
35 0.0001469539
36 0.0001298988
37 0.0001448659
38 0.0001373302
39 0.0000890540
0 0.1206580061
1 0.1659478215
2 0.1820101058
3 0.1580854659
4 0.1071786693
5 0.1101286726
6 0.1177960860
7 0.1175076246
8 0.0922829681
9 0.0998137812
10 0.0912441196
11 0.0971831037
12 0.0928756753
13 0.0839234681
14 0.0874946407
15 0.0823300339
16 0.0832667756
17 0.0830616277
18 0.0756084938
19 0.0738411250
20 0.0675337114
21 0.0644730238
22 0.0646266142
23 0.0600411185
24 0.0571165954
25 0.0524991709
26 0.0483108896
27 0.0486295320
28 0.0483702197
29 0.0451079312
30 0.0416861234
31 0.0365308905
32 0.0286274283
33 0.0220344143
34 0.0172833094
35 0.0101623171
36 0.0037929358
37 0.0015734769
38 0.0009210276
39 0.0007698812
40 0.0009223792
41 0.0010165299
42 0.0010116996
43 0.0011055516
44 0.0012690453
45 0.0014150713
46 0.0015065081
47 0.0015364564
48 0.0015099253
49 0.0014421259
50 0.0013615114
51 0.0012942297
52 0.0012263816
53 0.0011460597
54 0.0011216902
55 0.0011866792
56 0.0012467868
57 0.0012097311
58 0.0011291423
59 0.0010944282
60 0.0010717730
61 0.0010352326
62 0.0010345409
63 0.0010628384
64 0.0010802556
65 0.0010737375
66 0.0010592694
67 0.0010541231
68 0.0010483683
69 0.0010234965
70 0.0009920383
71 0.0009721186
72 0.0009598671
73 0.0009450069
74 0.0009272387
75 0.0009142923
76 0.0009064143
77 0.0008910648
78 0.0008630609
79 0.0008298896
80 0.0007937634
81 0.0007502088
82 0.0006973315
83 0.0006366349
84 0.0005671404
85 0.0004830000
86 0.0003797059
87 0.0002609437
88 0.0001411012
89 0.0000492622
0 0.1236561761
1 0.1589582404
2 0.1803613084
3 0.1585681041
4 0.1011130138
5 0.1385668490
6 0.1047913954
7 0.1130587871
8 0.1196059049
9 0.0936700535
10 0.0973847144
11 0.1041040627
12 0.0895092777
13 0.0979709981
14 0.0999521069
15 0.0871244593
16 0.0903815649
17 0.0893191845
18 0.0832043908
19 0.0900810355
20 0.0877419343
21 0.0816510954
22 0.0828044643
23 0.0773599482
24 0.0772116159
25 0.0803887956
26 0.0761073809
27 0.0732517459
28 0.0700342090
29 0.0659892646
30 0.0678966387
31 0.0686195135
32 0.0663102462
33 0.0639001990
34 0.0612447255
35 0.0593169875
36 0.0605546300
37 0.0625210010
38 0.0624176411
39 0.0612911254
40 0.0597694876
41 0.0582827068
42 0.0584183152
43 0.0595712208
44 0.0599434447
45 0.0594072026
46 0.0584251738
47 0.0573218141
48 0.0568273009
49 0.0573229575
50 0.0580087263
51 0.0580641009
52 0.0575196786
53 0.0566836271
54 0.0559556340
55 0.0558137684
56 0.0561252980
57 0.0561721779
58 0.0555876881
59 0.0544676829
60 0.0530234858
61 0.0515477363
62 0.0502123431
63 0.0490394274
64 0.0481170505
65 0.0471856940
66 0.0461136151
67 0.0449738701
68 0.0436117012
69 0.0421143427
70 0.0404132594
71 0.0381843037
72 0.0352998010
73 0.0309829485
74 0.0241396664
75 0.0167795134
76 0.0097634737
77 0.0047926641
78 0.0028349189
79 0.0010271175
80 0.0004308201
81 0.0011793302
82 0.0006531477
83 0.0005257348
84 0.0007236979
85 0.0006998179
86 0.0005434968
87 0.0004255950
88 0.0004731485
89 0.0006003415
90 0.0005069331
91 0.0003476007
92 0.0002848214
93 0.0002523845
94 0.0002045533
95 0.0001639974
96 0.0001731383
97 0.0001748981
98 0.0001132160
99 0.0000974166
0 0.1383029648
1 0.1163712230
2 0.1238676871
3 0.1223348151
4 0.1008168438
5 0.0999932250
6 0.1021733799
7 0.0946025976
8 0.0895850621
9 0.0896690899
10 0.0886888503
11 0.0888158719
12 0.0842860868
13 0.0827345625
14 0.0805249153
15 0.0786880109
16 0.0787083830
17 0.0755515981
18 0.0723198002
19 0.0686079231
20 0.0656421711
21 0.0654119576
22 0.0638855024
23 0.0608906973
24 0.0571425747
25 0.0532429545
26 0.0516552122
27 0.0517288106
28 0.0508582759
29 0.0491212527
30 0.0470090288
31 0.0453823149
32 0.0450389368
33 0.0448515494
34 0.0438293605
35 0.0419199420
36 0.0392442373
37 0.0363176154
38 0.0334002613
39 0.0292164473
40 0.0221234689
41 0.0131697747
42 0.0064273636
43 0.0035707049
44 0.0013267138
45 0.0006324153
46 0.0008207691
47 0.0005618562
48 0.0005279301
49 0.0005811981
50 0.0005147402
51 0.0004253002
52 0.0004334318
53 0.0004836387
54 0.0004084331
55 0.0002728788
56 0.0001747287
57 0.0000859694
0 0.1330064867
1 0.1157994120
2 0.1342520324
3 0.1270216064
4 0.1088536439
5 0.1109134429
6 0.1087859697
7 0.0914090962
8 0.0938760350
9 0.0914495255
10 0.0917786578
11 0.0877972126
12 0.0823317735
13 0.0822325408
14 0.0770315424
15 0.0770926209
16 0.0753314934
17 0.0704012222
18 0.0671702524
19 0.0621750320
20 0.0601363991
21 0.0602255538
22 0.0585176809
23 0.0553675594
24 0.0518486616
25 0.0484276957
26 0.0466376783
27 0.0465871753
28 0.0459625310
29 0.0437786633
30 0.0392652165
31 0.0328284738
32 0.0253891271
33 0.0184596986
34 0.0123001543
35 0.0051259511
36 0.0018799839
37 0.0017459216
38 0.0010718860
39 0.0009515580
40 0.0007259488
41 0.0005658707
42 0.0006375566
43 0.0008168209
44 0.0009870771
45 0.0010766670
46 0.0011065629
47 0.0011334707
48 0.0011745873
49 0.0012214178
50 0.0012566385
51 0.0012613621
52 0.0012375906
53 0.0012215341
54 0.0012401285
55 0.0012471827
56 0.0011999789
57 0.0011422944
58 0.0010986151
59 0.0010537967
60 0.0010042442
61 0.0009601754
62 0.0009292363
63 0.0009102564
64 0.0008966681
65 0.0008851520
66 0.0008774103
67 0.0008714291
68 0.0008589688
69 0.0008349062
70 0.0008031375
71 0.0007696562
72 0.0007340495
73 0.0006927544
74 0.0006451230
75 0.0005902446
76 0.0005243682
77 0.0004450829
78 0.0003539380
79 0.0002555504
80 0.0001598853
81 0.0000882022
0 0.1263394173
1 0.1166471088
2 0.1207757219
3 0.1164347233
4 0.1066742915
5 0.1054954245
6 0.1029499227
7 0.0963226013
8 0.0937276161
9 0.0931595403
10 0.0915130426
11 0.0883709458
12 0.0861103265
13 0.0843125026
14 0.0819928344
15 0.0790074240
16 0.0747028025
17 0.0697384123
18 0.0638580404
19 0.0575950974
20 0.0499609972
21 0.0407156334
22 0.0303620690
23 0.0202666942
24 0.0120626400
25 0.0055158953
26 0.0017883713
27 0.0003506560
28 0.0000401131
0 0.1126101941
1 0.1241948609
2 0.1198867316
3 0.1064190733
4 0.1091248430
5 0.1092468005
6 0.0930131166
7 0.0910102641
8 0.0913421935
9 0.0892963011
10 0.0816483508
11 0.0797933925
12 0.0758014728
13 0.0746200282
14 0.0686313113
15 0.0624324919
16 0.0557647453
17 0.0500745169
18 0.0466899715
19 0.0400770818
20 0.0310532070
21 0.0211735269
22 0.0130934547
23 0.0076344184
24 0.0039932063
25 0.0022582930
26 0.0010221013
27 0.0003146573
28 0.0002414753
29 0.0004152664
30 0.0006539064
31 0.0008746768
32 0.0010431988
33 0.0011598390
34 0.0012423979
35 0.0012913856
36 0.0012739795
37 0.0011903467
38 0.0010914821
39 0.0010140134
40 0.0009640600
41 0.0009130430
42 0.0008237071
43 0.0007369824
44 0.0007141185
45 0.0006434871
46 0.0004775322
47 0.0002981683
48 0.0001086974
49 0.0000597233
0 0.1454103240
1 0.1196091825
2 0.1437931861
3 0.1406168760
4 0.1259803724
5 0.1101498244
6 0.1198690372
7 0.1004835152
8 0.0994186539
9 0.0894217022
10 0.0963943710
11 0.0920492603
12 0.0842064468
13 0.0859521908
14 0.0804423695
15 0.0828936174
16 0.0823806399
17 0.0764754716
18 0.0745378568
19 0.0686367408
20 0.0673880821
21 0.0693658313
22 0.0666560612
23 0.0636132412
24 0.0599964017
25 0.0557800079
26 0.0558127875
27 0.0581284483
28 0.0573556157
29 0.0549530562
30 0.0517926476
31 0.0478209545
32 0.0463608295
33 0.0440388236
34 0.0380660949
35 0.0284490150
36 0.0202061666
37 0.0148476712
38 0.0080814295
39 0.0045444239
40 0.0022828545
41 0.0011675992
42 0.0004032232
43 0.0000457920
0 0.1285412253
1 0.1113012677
2 0.1129303287
3 0.1175241690
4 0.1060475155
5 0.1011268039
6 0.1017272792
7 0.1004747792
8 0.0914770843
9 0.0912877462
10 0.0903457821
11 0.0909556729
12 0.0877085401
13 0.0847514568
14 0.0838634331
15 0.0816442482
16 0.0808674233
17 0.0774276072
18 0.0731651353
19 0.0687585900
20 0.0644900395
21 0.0623971198
22 0.0585725545
23 0.0533361096
24 0.0470335094
25 0.0413786733
26 0.0367878585
27 0.0294597867
28 0.0206780804
29 0.0122468270
30 0.0073787166
31 0.0036471254
32 0.0012142130
33 0.0004495786
34 0.0001520621
35 0.0001157627
36 0.0003452410
37 0.0006323322
38 0.0008684558
39 0.0010273258
40 0.0011106979
41 0.0011394212
42 0.0011639084
43 0.0012266288
44 0.0012432118
45 0.0011543305
46 0.0010784991
47 0.0010505359
48 0.0010320216
49 0.0009958247
50 0.0009392641
51 0.0008937407
52 0.0009036181
53 0.0009283975
54 0.0008986717
55 0.0008588679
56 0.0008189882
57 0.0007494286
58 0.0006594204
59 0.0005772653
60 0.0004965348
61 0.0003800124
62 0.0002262737
63 0.0000870687