0 0.1236561761
1 0.1589582404
2 0.1803613084
3 0.1585681041
4 0.1011130138
5 0.1385668490
6 0.1047913954
7 0.1130587871
8 0.1196059049
9 0.0936700535
10 0.0973847144
11 0.1041040627
12 0.0895092777
13 0.0979709981
14 0.0999521069
15 0.0871244593
16 0.0903815649
17 0.0893191845
18 0.0832043908
19 0.0900810355
20 0.0877419343
21 0.0816510954
22 0.0828044643
23 0.0773599482
24 0.0772116159
25 0.0803887956
26 0.0761073809
27 0.0732517459
28 0.0700342090
29 0.0659892646
30 0.0678966387
31 0.0686195135
32 0.0663102462
33 0.0639001990
34 0.0612447255
35 0.0593169875
36 0.0605546300
37 0.0625210010
38 0.0624176411
39 0.0612911254
40 0.0597694876
41 0.0582827068
42 0.0584183152
43 0.0595712208
44 0.0599434447
45 0.0594072026
46 0.0584251738
47 0.0573218141
48 0.0568273009
49 0.0573229575
50 0.0580087263
51 0.0580641009
52 0.0575196786
53 0.0566836271
54 0.0559556340
55 0.0558137684
56 0.0561252980
57 0.0561721779
58 0.0555876881
59 0.0544676829
60 0.0530234858
61 0.0515477363
62 0.0502123431
63 0.0490394274
64 0.0481170505
65 0.0471856940
66 0.0461136151
67 0.0449738701
68 0.0436117012
69 0.0421143427
70 0.0404132594
71 0.0381843037
72 0.0352998010
73 0.0309829485
74 0.0241396664
75 0.0167795134
76 0.0097634737
77 0.0047926641
78 0.0028349189
79 0.0010271175
80 0.0004308201
81 0.0011793302
82 0.0006531477
83 0.0005257348
84 0.0007236979
85 0.0006998179
86 0.0005434968
87 0.0004255950
88 0.0004731485
89 0.0006003415
90 0.0005069331
91 0.0003476007
92 0.0002848214
93 0.0002523845
94 0.0002045533
95 0.0001639974
96 0.0001731383
97 0.0001748981
98 0.0001132160
99 0.0000974166
