0 0.1206580061
1 0.1659478215
2 0.1820101058
3 0.1580854659
4 0.1071786693
5 0.1101286726
6 0.1177960860
7 0.1175076246
8 0.0922829681
9 0.0998137812
10 0.0912441196
11 0.0971831037
12 0.0928756753
13 0.0839234681
14 0.0874946407
15 0.0823300339
16 0.0832667756
17 0.0830616277
18 0.0756084938
19 0.0738411250
20 0.0675337114
21 0.0644730238
22 0.0646266142
23 0.0600411185
24 0.0571165954
25 0.0524991709
26 0.0483108896
27 0.0486295320
28 0.0483702197
29 0.0451079312
30 0.0416861234
31 0.0365308905
32 0.0286274283
33 0.0220344143
34 0.0172833094
35 0.0101623171
36 0.0037929358
37 0.0015734769
38 0.0009210276
39 0.0007698812
40 0.0009223792
41 0.0010165299
42 0.0010116996
43 0.0011055516
44 0.0012690453
45 0.0014150713
46 0.0015065081
47 0.0015364564
48 0.0015099253
49 0.0014421259
50 0.0013615114
51 0.0012942297
52 0.0012263816
53 0.0011460597
54 0.0011216902
55 0.0011866792
56 0.0012467868
57 0.0012097311
58 0.0011291423
59 0.0010944282
60 0.0010717730
61 0.0010352326
62 0.0010345409
63 0.0010628384
64 0.0010802556
65 0.0010737375
66 0.0010592694
67 0.0010541231
68 0.0010483683
69 0.0010234965
70 0.0009920383
71 0.0009721186
72 0.0009598671
73 0.0009450069
74 0.0009272387
75 0.0009142923
76 0.0009064143
77 0.0008910648
78 0.0008630609
79 0.0008298896
80 0.0007937634
81 0.0007502088
82 0.0006973315
83 0.0006366349
84 0.0005671404
85 0.0004830000
86 0.0003797059
87 0.0002609437
88 0.0001411012
89 0.0000492622
