0 0.1454103240
1 0.1196091825
2 0.1437931861
3 0.1406168760
4 0.1259803724
5 0.1101498244
6 0.1198690372
7 0.1004835152
8 0.0994186539
9 0.0894217022
10 0.0963943710
11 0.0920492603
12 0.0842064468
13 0.0859521908
14 0.0804423695
15 0.0828936174
16 0.0823806399
17 0.0764754716
18 0.0745378568
19 0.0686367408
20 0.0673880821
21 0.0693658313
22 0.0666560612
23 0.0636132412
24 0.0599964017
25 0.0557800079
26 0.0558127875
27 0.0581284483
28 0.0573556157
29 0.0549530562
30 0.0517926476
31 0.0478209545
32 0.0463608295
33 0.0440388236
34 0.0380660949
35 0.0284490150
36 0.0202061666
37 0.0148476712
38 0.0080814295
39 0.0045444239
40 0.0022828545
41 0.0011675992
42 0.0004032232
43 0.0000457920
