0 0.1330064867
1 0.1157994120
2 0.1342520324
3 0.1270216064
4 0.1088536439
5 0.1109134429
6 0.1087859697
7 0.0914090962
8 0.0938760350
9 0.0914495255
10 0.0917786578
11 0.0877972126
12 0.0823317735
13 0.0822325408
14 0.0770315424
15 0.0770926209
16 0.0753314934
17 0.0704012222
18 0.0671702524
19 0.0621750320
20 0.0601363991
21 0.0602255538
22 0.0585176809
23 0.0553675594
24 0.0518486616
25 0.0484276957
26 0.0466376783
27 0.0465871753
28 0.0459625310
29 0.0437786633
30 0.0392652165
31 0.0328284738
32 0.0253891271
33 0.0184596986
34 0.0123001543
35 0.0051259511
36 0.0018799839
37 0.0017459216
38 0.0010718860
39 0.0009515580
40 0.0007259488
41 0.0005658707
42 0.0006375566
43 0.0008168209
44 0.0009870771
45 0.0010766670
46 0.0011065629
47 0.0011334707
48 0.0011745873
49 0.0012214178
50 0.0012566385
51 0.0012613621
52 0.0012375906
53 0.0012215341
54 0.0012401285
55 0.0012471827
56 0.0011999789
57 0.0011422944
58 0.0010986151
59 0.0010537967
60 0.0010042442
61 0.0009601754
62 0.0009292363
63 0.0009102564
64 0.0008966681
65 0.0008851520
66 0.0008774103
67 0.0008714291
68 0.0008589688
69 0.0008349062
70 0.0008031375
71 0.0007696562
72 0.0007340495
73 0.0006927544
74 0.0006451230
75 0.0005902446
76 0.0005243682
77 0.0004450829
78 0.0003539380
79 0.0002555504
80 0.0001598853
81 0.0000882022
