1     	0.1010901984
2     	0.0494720748
3     	0.0618316218
4     	0.0731494329
5     	0.0738330484
6     	0.0707413643
7     	0.0679974082
8     	0.0628476251
9     	0.0562987790
10    	0.0544648399
11    	0.0549148935
12    	0.0535741844
13    	0.0500275159
14    	0.0451468257
15    	0.0403697692
16    	0.0362397628
17    	0.0322046321
18    	0.0280486407
19    	0.0240307660
20    	0.0203608991
21    	0.0170672506
22    	0.0141798932
23    	0.0117906028
24    	0.0099096544
25    	0.0085140281
26    	0.0075024621
27    	0.0067250951
28    	0.0060597364
29    	0.0054173359
30    	0.0047272779
31    	0.0039498435
32    	0.0031167950
33    	0.0023315866
34    	0.0016863117
35    	0.0012049018
36    	0.0008700606
37    	0.0006507073
38    	0.0005119730
39    	0.0004245225
40    	0.0003681929
41    	0.0003305522
42    	0.0003042732
43    	0.0002850614
44    	0.0002703637
45    	0.0002586320
46    	0.0002489091
47    	0.0002405915
48    	0.0002332901
49    	0.0002267488
50    	0.0002207946
51    	0.0002153083
52    	0.0002102054
53    	0.0002054244
54    	0.0002009196
55    	0.0001966556
56    	0.0001926047
57    	0.0001887449
58    	0.0001850579
59    	0.0001815286
60    	0.0001781443
61    	0.0001748939
62    	0.0001717682
63    	0.0001687588
64    	0.0001658584
65    	0.0001630604
66    	0.0001603590
67    	0.0001577489
68    	0.0001552252
69    	0.0001527835
70    	0.0001504195
71    	0.0001481296
72    	0.0001459102
73    	0.0001437581
74    	0.0001416701
75    	0.0001396435
76    	0.0001376754
77    	0.0001357635
78    	0.0001339054
79    	0.0001320987
80    	0.0001303415
81    	0.0001286316
82    	0.0001269671
83    	0.0001253464
84    	0.0001237677
85    	0.0001222293
86    	0.0001207298
87    	0.0001192677
88    	0.0001178416
89    	0.0001164502
90    	0.0001150922
91    	0.0001137664
92    	0.0001026172
93    	0.0001014480
94    	0.0001003060
95    	0.0000893505
96    	0.0000785270
97    	0.0000776493
98    	0.0000669388
99    	0.0000661955
100   	0.0000654689
